1      100    7.0      5.0      0        4.0     
2      100    5.0      3.0      0        3.0     
3      99     5.0      5.0      1.0      3.0     
4      100    5.0      3.0      1.0      4.0     
5      99     6.0      6.0      17.0     3.0     
6      0      5.0      4.0      0        4.0     
7      0      7.0      5.0      0        3.0     
8      20     4.0      4.0      1.0      3.0     
9      99     6.0      4.0      12.0     4.0     
10     100    8.0      7.0      1.0      3.0     
11     0      10.0     12.0     19.0     3.0     
12     0      12.0     8.0      2.0      5.0     
13     100    9.0      8.0      0        3.0     
14     0      7.0      5.0      1.0      4.0     
15     44     7.0      4.0      1.0      3.0     
16     0      5.0      3.0      0        3.0     
17     100    3.0      4.0      26.0     4.0     
18     0      5.0      2.0      1.0      3.0     
19     0      3.0      3.0      10.0     4.0     
20     0      5.0      4.0      0        3.0     
