=== Mutter DisplayConfig GetCurrentState ===
(uint32 6
 [(('HDMI-A-2'
 'GSM'
 'LG ULTRAFINE'
 '606NTUWJK582')
 [('3840x2160@60.000'
 3840
 2160
 60.0
 1.5
 [1.0
 1.25
 1.5
 1.7518248558044434
 2.0
 2.2018349170684814
 2.5
 2.7586207389831543
 3.0
 3.2432432174682617
 3.4782607555389404
 3.75
 4.0]
 {'is-current': <true>
 'is-preferred': <true>})
 ('3840x2160@50.000'
 3840
 2160
 50.0
 1.5
 [1.0
 1.25
 1.5
 1.7518248558044434
 2.0
 2.2018349170684814
 2.5
 2.7586207389831543
 3.0
 3.2432432174682617
 3.4782607555389404
 3.75
 4.0]
 {})
 ('3840x2160@59.940'
 3840
 2160
 59.940097808837891
 1.5
 [1.0
 1.25
 1.5
 1.7518248558044434
 2.0
 2.2018349170684814
 2.5
 2.7586207389831543
 3.0
 3.2432432174682617
 3.4782607555389404
 3.75
 4.0]
 {})
 ('3840x2160@30.000'
 3840
 2160
 30.0
 1.5
 [1.0
 1.25
 1.5
 1.7518248558044434
 2.0
 2.2018349170684814
 2.5
 2.7586207389831543
 3.0
 3.2432432174682617
 3.4782607555389404
 3.75
 4.0]
 {})
 ('3840x2160@25.000'
 3840
 2160
 25.0
 1.5
 [1.0
 1.25
 1.5
 1.7518248558044434
 2.0
 2.2018349170684814
 2.5
 2.7586207389831543
 3.0
 3.2432432174682617
 3.4782607555389404
 3.75
 4.0]
 {})
 ('3840x2160@24.000'
 3840
 2160
 24.0
 1.5
 [1.0
 1.25
 1.5
 1.7518248558044434
 2.0
 2.2018349170684814
 2.5
 2.7586207389831543
 3.0
 3.2432432174682617
 3.4782607555389404
 3.75
 4.0]
 {})
