================================================================================
metrics#gfx.checkerboard.severity
  subtag=0x2  bins=15  total_samples=50  trailer_total=50  SELF-CHECK=PASS
================================================================================
  bin_label      count      share%     cumulative%
  1              1          2.000      2.000
  2              1          2.000      4.000
  8              1          2.000      6.000
  12             2          4.000      10.000
  101            1          2.000      12.000
  155            2          4.000      16.000
  237            2          4.000      20.000
  363            5          10.000     30.000
  556            4          8.000      38.000
  851            4          8.000      46.000
  1303           7          14.000     60.000
  1994           6          12.000     72.000
  3052           9          18.000     90.000
  4672           3          6.000      96.000
  10946          2          4.000      100.000

================================================================================
metrics#gfx.checkerboard.duration
  subtag=0xb  bins=12  total_samples=50  trailer_total=50  SELF-CHECK=PASS
================================================================================
  bin_label      count      share%     cumulative%
  15384774       3          6.000      6.000
  16777216       19         38.000     44.000
  30769549       7          14.000     58.000
  33554432       1          2.000      60.000
  47453132       8          16.000     76.000
  61539099       3          6.000      82.000
  67108864       1          2.000      84.000
  79806338       2          4.000      88.000
  94906265       2          4.000      92.000
  112863206      2          4.000      96.000
  268435456      1          2.000      98.000
  413984066      1          2.000      100.000

================================================================================
metrics#gfx.checkerboard.potential_duration
  subtag=0xb  bins=28  total_samples=185  trailer_total=185  SELF-CHECK=PASS
================================================================================
  bin_label      count      share%     cumulative%
  16777216       2          1.081      1.081
  79806338       1          0.541      1.622
  94906265       4          2.162      3.784
  112863206      5          2.703      6.486
  123078199      5          2.703      9.189
  146365470      6          3.243      12.432
  159612677      3          1.622      14.054
  174058858      3          1.622      15.676
  189812531      7          3.784      19.459
  206992033      43         23.243     42.703
  225726412      9          4.865      47.568
  246156398      17         9.189      56.757
  292730940      18         9.730      66.486
  319225354      6          3.243      69.730
  348117717      11         5.946      75.676
  379625062      7          3.784      79.459
  413984066      8          4.324      83.784
  451452825      2          1.081      84.865
  492312796      6          3.243      88.108
  585461880      5          2.703      90.811
  638450708      1          0.541      91.351
  696235434      5          2.703      94.054
  827968132      6          3.243      97.297
  984625593      1          0.541      97.838
  1170923761     1          0.541      98.378
  1518500249     1          0.541      98.919
  1655936264     1          0.541      99.459
  2784941737     1          0.541      100.000

================================================================================
metrics#gfx.checkerboard.peak_pixel_count
  subtag=0x2  bins=17  total_samples=50  trailer_total=50  SELF-CHECK=PASS
================================================================================
  bin_label      count      share%     cumulative%
  737            1          2.000      2.000
  1065           1          2.000      4.000
  1539           1          2.000      6.000
  3213           1          2.000      8.000
  6707           2          4.000      12.000
  9690           1          2.000      14.000
  14000          3          6.000      20.000
  20228          3          6.000      26.000
  29226          4          8.000      34.000
  42226          2          4.000      38.000
  61009          3          6.000      44.000
  88147          1          2.000      46.000
  127357         7          14.000     60.000
  184008         6          12.000     72.000
  265859         7          14.000     86.000
  554984         5          10.000     96.000
  801854         2          4.000      100.000

================================================================================
metrics#gfx.scroll_present_latency
  subtag=0xb  bins=20  total_samples=1287  trailer_total=1287  SELF-CHECK=PASS
================================================================================
  bin_label      count      share%     cumulative%
  2286960        1          0.078      0.078
  2493948        1          0.078      0.155
  2719669        1          0.078      0.233
  16777216       2          0.155      0.389
  18295683       29         2.253      2.642
  19951584       76         5.905      8.547
  21757357       92         7.148      15.695
  23726566       91         7.071      22.766
  25874004       147        11.422     34.188
  28215801       193        14.996     49.184
  30769549       269        20.901     70.085
  33554432       324        25.175     95.260
  36591367       48         3.730      98.990
  39903169       2          0.155      99.145
  47453132       1          0.078      99.223
  56431603       1          0.078      99.301
  79806338       1          0.078      99.378
  174058858      1          0.078      99.456
  206992033      3          0.233      99.689
  225726412      4          0.311      100.000

================================================================================
metrics#gfx.composite_time
  subtag=0xb  bins=57  total_samples=173703  trailer_total=173703  SELF-CHECK=PASS
================================================================================
  bin_label      count      share%     cumulative%
  961548         110676     63.716     63.716
  1048576        14430      8.307      72.023
  1143480        13008      7.489      79.512
  1246974        10240      5.895      85.407
  1359834        6921       3.984      89.391
  1482910        4346       2.502      91.893
  1617125        2789       1.606      93.499
  1763487        1907       1.098      94.597
  1923096        1400       0.806      95.402
  2097152        963        0.554      95.957
  2286960        649        0.374      96.331
  2493948        404        0.233      96.563
  2719669        297        0.171      96.734
  2965820        213        0.123      96.857
  3234250        164        0.094      96.951
  3526975        150        0.086      97.037
  3846193        121        0.070      97.107
  4194304        127        0.073      97.180
  4573920        258        0.149      97.329
  4987896        287        0.165      97.494
  5439339        244        0.140      97.634
  5931641        173        0.100      97.734
  6468501        150        0.086      97.820
  7053950        128        0.074      97.894
  7692387        104        0.060      97.954
  8388608        98         0.056      98.010
  9147841        119        0.069      98.079
  9975792        83         0.048      98.127
  10878678       90         0.052      98.179
  11863283       72         0.041      98.220
  12937002       70         0.040      98.260
  14107900       87         0.050      98.310
  15384774       105        0.060      98.371
  16777216       99         0.057      98.428
  18295683       143        0.082      98.510
  19951584       138        0.079      98.590
  21757357       152        0.088      98.677
  23726566       151        0.087      98.764
  25874004       187        0.108      98.872
  28215801       184        0.106      98.978
  30769549       243        0.140      99.117
  33554432       231        0.133      99.250
  36591367       197        0.113      99.364
  39903169       167        0.096      99.460
  43514714       141        0.081      99.541
  47453132       142        0.082      99.623
  51748008       74         0.043      99.666
  56431603       57         0.033      99.698
  61539099       31         0.018      99.716
  67108864       38         0.022      99.738
  73182735       36         0.021      99.759
  79806338       33         0.019      99.778
  87029429       33         0.019      99.797
  94906265       61         0.035      99.832
  103496016      166        0.096      99.927
  112863206      113        0.065      99.993
  123078199      13         0.007      100.000

================================================================================
metrics#gfx.composite_frame_roundtrip_time
  subtag=0xb  bins=31  total_samples=174804  trailer_total=174804  SELF-CHECK=PASS
================================================================================
  bin_label      count      share%     cumulative%
  961548         174756     99.973     99.973
  1143480        1          0.001      99.973
  1923096        1          0.001      99.974
  2286960        1          0.001      99.974
  2493948        1          0.001      99.975
  2719669        2          0.001      99.976
  2965820        1          0.001      99.977
  3526975        4          0.002      99.979
  4194304        1          0.001      99.979
  4573920        2          0.001      99.981
  6468501        2          0.001      99.982
  7053950        1          0.001      99.982
  7692387        1          0.001      99.983
  9975792        1          0.001      99.983
  10878678       1          0.001      99.984
  14107900       2          0.001      99.985
  15384774       4          0.002      99.987
  16777216       1          0.001      99.988
  18295683       2          0.001      99.989
  19951584       2          0.001      99.990
  21757357       1          0.001      99.991
  23726566       1          0.001      99.991
  25874004       3          0.002      99.993
  33554432       4          0.002      99.995
  36591367       1          0.001      99.996
  51748008       1          0.001      99.997
  56431603       2          0.001      99.998
  73182735       1          0.001      99.998
  94906265       1          0.001      99.999
  112863206      1          0.001      99.999
  134217728      1          0.001      100.000

================================================================================
metrics#gfx.content.frame_time.from_vsync
  subtag=0x3  bins=93  total_samples=109441  trailer_total=109441  SELF-CHECK=PASS
================================================================================
  bin_label      count      share%     cumulative%
  8              2          0.002      0.002
  16             19         0.017      0.019
  24             6          0.005      0.025
  32             1          0.001      0.026
  40             1          0.001      0.026
  96             28295      25.854     25.881
  104            71454      65.290     91.171
  112            6124       5.596      96.766
  120            487        0.445      97.211
  128            410        0.375      97.586
  136            266        0.243      97.829
  144            157        0.143      97.972
  152            121        0.111      98.083
  160            61         0.056      98.139
  168            40         0.037      98.175
  176            38         0.035      98.210
  184            21         0.019      98.229
  192            30         0.027      98.257
  200            234        0.214      98.470
  208            217        0.198      98.669
  216            52         0.048      98.716
  224            42         0.038      98.755
  232            40         0.037      98.791
  240            28         0.026      98.817
  248            21         0.019      98.836
  256            30         0.027      98.863
  264            27         0.025      98.888
  272            17         0.016      98.904
  280            32         0.029      98.933
  288            17         0.016      98.948
  296            33         0.030      98.978
  304            32         0.029      99.008
  312            37         0.034      99.041
  320            16         0.015      99.056
  328            18         0.016      99.073
  336            19         0.017      99.090
  344            18         0.016      99.106
  352            16         0.015      99.121
  360            13         0.012      99.133
  368            16         0.015      99.147
  376            14         0.013      99.160
  384            9          0.008      99.169
  392            20         0.018      99.187
  400            13         0.012      99.199
  408            13         0.012      99.211
  416            23         0.021      99.232
  424            10         0.009      99.241
  432            9          0.008      99.249
  440            6          0.005      99.254
  448            10         0.009      99.264
  456            10         0.009      99.273
  464            12         0.011      99.284
  472            10         0.009      99.293
  480            6          0.005      99.298
  488            7          0.006      99.305
  496            15         0.014      99.318
  504            6          0.005      99.324
  512            8          0.007      99.331
  520            8          0.007      99.338
  528            11         0.010      99.349
  536            9          0.008      99.357
  544            9          0.008      99.365
  552            18         0.016      99.381
  560            13         0.012      99.393
  568            15         0.014      99.407
  576            19         0.017      99.424
  584            19         0.017      99.442
  592            22         0.020      99.462
  600            9          0.008      99.470
  608            23         0.021      99.491
  616            12         0.011      99.502
  624            13         0.012      99.514
  632            11         0.010      99.524
  640            11         0.010      99.534
  648            8          0.007      99.541
  656            22         0.020      99.561
  664            8          0.007      99.569
  672            9          0.008      99.577
  680            7          0.006      99.583
  688            9          0.008      99.592
  696            9          0.008      99.600
  704            14         0.013      99.613
  712            13         0.012      99.624
  720            23         0.021      99.645
  728            13         0.012      99.657
  736            10         0.009      99.666
  744            17         0.016      99.682
  752            14         0.013      99.695
  760            28         0.026      99.720
  768            13         0.012      99.732
  776            21         0.019      99.751
  784            13         0.012      99.763
  792            259        0.237      100.000

================================================================================
metrics#gfx.content.frame_time.from_paint
  subtag=0x2  bins=35  total_samples=110357  trailer_total=110357  SELF-CHECK=PASS
================================================================================
  bin_label      count      share%     cumulative%
  6              1          0.001      0.001
  7              1          0.001      0.002
  8              2          0.002      0.004
  9              5          0.005      0.008
  11             12         0.011      0.019
  13             27         0.024      0.043
  15             98         0.089      0.132
  18             107        0.097      0.229
  21             105        0.095      0.324
  25             63         0.057      0.381
  29             83         0.075      0.457
  34             103        0.093      0.550
  40             189        0.171      0.721
  47             387        0.351      1.072
  55             758        0.687      1.759
  64             2190       1.984      3.743
  75             6408       5.807      9.550
  88             54709      49.575     59.124
  103            42268      38.301     97.426
  120            882        0.799      98.225
  140            327        0.296      98.521
  164            162        0.147      98.668
  192            252        0.228      98.896
  224            212        0.192      99.088
  262            204        0.185      99.273
  306            184        0.167      99.440
  357            109        0.099      99.539
  417            47         0.043      99.581
  487            38         0.034      99.616
  569            82         0.074      99.690
  665            169        0.153      99.843
  777            43         0.039      99.882
  907            78         0.071      99.953
  1059           46         0.042      99.995
  1237           6          0.005      100.000

================================================================================
metrics#gfx.content.frame_time.with_svg
  subtag=0x2  bins=26  total_samples=109057  trailer_total=109057  SELF-CHECK=PASS
================================================================================
  bin_label      count      share%     cumulative%
  11             1          0.001      0.001
  15             3          0.003      0.004
  18             9          0.008      0.012
  21             8          0.007      0.019
  25             3          0.003      0.022
  29             3          0.003      0.025
  40             1          0.001      0.026
  88             19695      18.059     18.085
  103            86062      78.915     97.000
  120            1055       0.967      97.967
  140            403        0.370      98.337
  164            126        0.116      98.452
  192            523        0.480      98.932
  224            154        0.141      99.073
  262            130        0.119      99.192
  306            137        0.126      99.318
  357            105        0.096      99.414
  417            69         0.063      99.477
  487            51         0.047      99.524
  569            89         0.082      99.606
  665            160        0.147      99.752
  777            111        0.102      99.854
  907            71         0.065      99.919
  1059           72         0.066      99.985
  1237           14         0.013      99.998
  1445           2          0.002      100.000

================================================================================
metrics#gfx.content.frame_time.without_resource_upload
  subtag=0x2  bins=26  total_samples=218882  trailer_total=218882  SELF-CHECK=PASS
================================================================================
  bin_label      count      share%     cumulative%
  11             4          0.002      0.002
  15             6          0.003      0.005
  18             18         0.008      0.013
  21             16         0.007      0.020
  25             6          0.003      0.023
  29             6          0.003      0.026
  40             2          0.001      0.026
  88             39462      18.029     18.055
  103            172284     78.711     96.766
  120            2124       0.970      97.737
  140            822        0.376      98.112
  164            256        0.117      98.229
  192            1066       0.487      98.716
  224            314        0.143      98.860
  262            270        0.123      98.983
  306            288        0.132      99.115
  357            218        0.100      99.214
  417            182        0.083      99.297
  487            214        0.098      99.395
  569            368        0.168      99.563
  665            372        0.170      99.733
  777            236        0.108      99.841
  907            164        0.075      99.916
  1059           150        0.069      99.984
  1237           30         0.014      99.998
  1445           4          0.002      100.000

================================================================================
metrics#gfx.content.paint_time
  subtag=0xb  bins=28  total_samples=109801  trailer_total=109801  SELF-CHECK=PASS
================================================================================
  bin_label      count      share%     cumulative%
  961548         8308       7.566      7.566
  1048576        6279       5.719      13.285
  1143480        6115       5.569      18.854
  1246974        5597       5.097      23.952
  1359834        5023       4.575      28.526
  1482910        5245       4.777      33.303
  1617125        5915       5.387      38.690
  1763487        7261       6.613      45.303
  1923096        8536       7.774      53.077
  2097152        9243       8.418      61.495
  2286960        9471       8.626      70.120
  2493948        8503       7.744      77.865
  2719669        7501       6.831      84.696
  2965820        6054       5.514      90.210
  3234250        4303       3.919      94.128
  3526975        2846       2.592      96.720
  3846193        1647       1.500      98.220
  4194304        945        0.861      99.081
  4573920        499        0.454      99.536
  4987896        270        0.246      99.781
  5439339        128        0.117      99.898
  5931641        68         0.062      99.960
  6468501        24         0.022      99.982
  7053950        9          0.008      99.990
  7692387        7          0.006      99.996
  8388608        1          0.001      99.997
  36591367       1          0.001      99.998
  39903169       2          0.002      100.000

================================================================================
metrics#gfx.content.full_paint_time
  subtag=0xb  bins=57  total_samples=110084  trailer_total=110084  SELF-CHECK=PASS
================================================================================
  bin_label      count      share%     cumulative%
  961548         482        0.438      0.438
  1048576        148        0.134      0.572
  1143480        335        0.304      0.877
  1246974        1027       0.933      1.810
  1359834        1804       1.639      3.448
  1482910        3281       2.980      6.429
  1617125        4529       4.114      10.543
  1763487        5814       5.281      15.824
  1923096        6655       6.045      21.870
  2097152        6908       6.275      28.145
  2286960        7668       6.966      35.110
  2493948        8883       8.069      43.180
  2719669        10161      9.230      52.410
  2965820        10723      9.741      62.151
  3234250        10182      9.249      71.400
  3526975        8893       8.078      79.478
  3846193        7620       6.922      86.400
  4194304        5800       5.269      91.669
  4573920        3946       3.585      95.254
  4987896        2322       2.109      97.363
  5439339        1303       1.184      98.547
  5931641        710        0.645      99.192
  6468501        370        0.336      99.528
  7053950        180        0.164      99.691
  7692387        121        0.110      99.801
  8388608        69         0.063      99.864
  9147841        24         0.022      99.886
  9975792        22         0.020      99.906
  10878678       14         0.013      99.918
  11863283       7          0.006      99.925
  12937002       4          0.004      99.928
  14107900       1          0.001      99.929
  15384774       1          0.001      99.930
  16777216       1          0.001      99.931
  19951584       1          0.001      99.932
  23726566       1          0.001      99.933
  25874004       2          0.002      99.935
  28215801       2          0.002      99.936
  33554432       3          0.003      99.939
  36591367       1          0.001      99.940
  39903169       2          0.002      99.942
  43514714       1          0.001      99.943
  47453132       2          0.002      99.945
  51748008       1          0.001      99.945
  56431603       2          0.002      99.947
  61539099       3          0.003      99.950
  67108864       1          0.001      99.951
  73182735       4          0.004      99.955
  79806338       7          0.006      99.961
  87029429       3          0.003      99.964
  94906265       3          0.003      99.966
  103496016      4          0.004      99.970
  112863206      6          0.005      99.975
  123078199      6          0.005      99.981
  134217728      7          0.006      99.987
  146365470      10         0.009      99.996
  159612677      4          0.004      100.000

================================================================================
metrics#a11y.tree_update_timing
  subtag=0xb  bins=35  total_samples=107753  trailer_total=107753  SELF-CHECK=PASS
================================================================================
  bin_label      count      share%     cumulative%
  961548         105522     97.930     97.930
  1048576        435        0.404      98.333
  1143480        390        0.362      98.695
  1246974        352        0.327      99.022
  1359834        311        0.289      99.310
  1482910        257        0.239      99.549
  1617125        191        0.177      99.726
  1763487        95         0.088      99.814
  1923096        56         0.052      99.866
  2097152        34         0.032      99.898
  2286960        23         0.021      99.919
  2493948        19         0.018      99.937
  2719669        11         0.010      99.947
  2965820        8          0.007      99.955
  3234250        4          0.004      99.958
  3526975        7          0.006      99.965
  3846193        2          0.002      99.967
  4194304        3          0.003      99.969
  4573920        2          0.002      99.971
  4987896        1          0.001      99.972
  5439339        3          0.003      99.975
  5931641        2          0.002      99.977
  6468501        2          0.002      99.979
  9147841        1          0.001      99.980
  12937002       2          0.002      99.981
  15384774       3          0.003      99.984
  16777216       2          0.002      99.986
  18295683       1          0.001      99.987
  19951584       3          0.003      99.990
  21757357       2          0.002      99.992
  25874004       2          0.002      99.994
  28215801       4          0.004      99.997
  123078199      1          0.001      99.998
  146365470      1          0.001      99.999
  189812531      1          0.001      100.000

================================================================================
metrics#gfx.display.scaling
  subtag=0x3  bins=1  total_samples=1  trailer_total=1  SELF-CHECK=PASS
================================================================================
  bin_label      count      share%     cumulative%
  199            1          100.000    100.000

