=== metrics#gfx.checkerboard.severity                    sub=0x2 buckets=15  total=50       trailer_total=0        match=False
      min_bucket=1            max_bucket=10946         
      buckets: [[1, 1], [2, 1], [8, 1], [12, 2], [101, 1], [155, 2], [237, 2], [363, 5], [556, 4], [851, 4], [1303, 7], [1994, 6], [3052, 9], [4672, 3], [10946, 2]]

=== metrics#gfx.checkerboard.duration                    sub=0xb buckets=12  total=50       trailer_total=0        match=False
      min_bucket=15384774     max_bucket=413984066     
      buckets: [[15384774, 3], [16777216, 19], [30769549, 7], [33554432, 1], [47453132, 8], [61539099, 3], [67108864, 1], [79806338, 2], [94906265, 2], [112863206, 2], [268435456, 1], [413984066, 1]]

=== metrics#gfx.checkerboard.potential_duration          sub=0xb buckets=28  total=185      trailer_total=0        match=False
      min_bucket=16777216     max_bucket=2784941737    
      buckets: [[16777216, 2], [79806338, 1], [94906265, 4], [112863206, 5], [123078199, 5], [146365470, 6], [159612677, 3], [174058858, 3], [189812531, 7], [206992033, 43], [225726412, 9], [246156398, 17], [292730940, 18], [319225354, 6], [348117717, 11], [379625062, 7], [413984066, 8], [451452825, 2], [492312796, 6], [585461880, 5], [638450708, 1], [696235434, 5], [827968132, 6], [984625593, 1], [1170923761, 1], [1518500249, 1], [1655936264, 1], [2784941737, 1]]

=== metrics#gfx.checkerboard.peak_pixel_count            sub=0x2 buckets=17  total=50       trailer_total=0        match=False
      min_bucket=737          max_bucket=801854        
      buckets: [[737, 1], [1065, 1], [1539, 1], [3213, 1], [6707, 2], [9690, 1], [14000, 3], [20228, 3], [29226, 4], [42226, 2], [61009, 3], [88147, 1], [127357, 7], [184008, 6], [265859, 7], [554984, 5], [801854, 2]]

=== metrics#gfx.composite_time                           sub=0xb buckets=57  total=173703   trailer_total=0        match=False
      min_bucket=961548       max_bucket=123078199     
      buckets: [[961548, 110676], [1048576, 14430], [1143480, 13008], [1246974, 10240], [1359834, 6921], [1482910, 4346], [1617125, 2789], [1763487, 1907], [1923096, 1400], [2097152, 963], [2286960, 649], [2493948, 404], [2719669, 297], [2965820, 213], [3234250, 164], [3526975, 150], [3846193, 121], [4194304, 127], [4573920, 258], [4987896, 287], [5439339, 244], [5931641, 173], [6468501, 150], [7053950, 128], [7692387, 104], [8388608, 98], [9147841, 119], [9975792, 83], [10878678, 90], [11863283, 72], [12937002, 70], [14107900, 87], [15384774, 105], [16777216, 99], [18295683, 143], [19951584, 138], [21757357, 152], [23726566, 151], [25874004, 187], [28215801, 184], [30769549, 243], [33554432, 231], [36591367, 197], [39903169, 167], [43514714, 141], [47453132, 142], [51748008, 74], [56431603, 57], [61539099, 31], [67108864, 38], [73182735, 36], [79806338, 33], [87029429, 33], [94906265, 61], [103496016, 166], [112863206, 113], [123078199, 13]]

=== metrics#gfx.composite_frame_roundtrip_time           sub=0xb buckets=31  total=174804   trailer_total=0        match=False
      min_bucket=961548       max_bucket=134217728     
      buckets: [[961548, 174756], [1143480, 1], [1923096, 1], [2286960, 1], [2493948, 1], [2719669, 2], [2965820, 1], [3526975, 4], [4194304, 1], [4573920, 2], [6468501, 2], [7053950, 1], [7692387, 1], [9975792, 1], [10878678, 1], [14107900, 2], [15384774, 4], [16777216, 1], [18295683, 2], [19951584, 2], [21757357, 1], [23726566, 1], [25874004, 3], [33554432, 4], [36591367, 1], [51748008, 1], [56431603, 2], [73182735, 1], [94906265, 1], [112863206, 1], [134217728, 1]]

=== metrics#gfx.scroll_present_latency                   sub=0xb buckets=20  total=1287     trailer_total=0        match=False
      min_bucket=2286960      max_bucket=225726412     
      buckets: [[2286960, 1], [2493948, 1], [2719669, 1], [16777216, 2], [18295683, 29], [19951584, 76], [21757357, 92], [23726566, 91], [25874004, 147], [28215801, 193], [30769549, 269], [33554432, 324], [36591367, 48], [39903169, 2], [47453132, 1], [56431603, 1], [79806338, 1], [174058858, 1], [206992033, 3], [225726412, 4]]

=== metrics#gfx.content.frame_time.from_vsync            sub=0x3 buckets=93  total=109441   trailer_total=0        match=False
      min_bucket=8            max_bucket=792           
      buckets: [[8, 2], [16, 19], [24, 6], [32, 1], [40, 1], [96, 28295], [104, 71454], [112, 6124], [120, 487], [128, 410], [136, 266], [144, 157], [152, 121], [160, 61], [168, 40], [176, 38], [184, 21], [192, 30], [200, 234], [208, 217], [216, 52], [224, 42], [232, 40], [240, 28], [248, 21], [256, 30], [264, 27], [272, 17], [280, 32], [288, 17], [296, 33], [304, 32], [312, 37], [320, 16], [328, 18], [336, 19], [344, 18], [352, 16], [360, 13], [368, 16], [376, 14], [384, 9], [392, 20], [400, 13], [408, 13], [416, 23], [424, 10], [432, 9], [440, 6], [448, 10], [456, 10], [464, 12], [472, 10], [480, 6], [488, 7], [496, 15], [504, 6], [512, 8], [520, 8], [528, 11], [536, 9], [544, 9], [552, 18], [560, 13], [568, 15], [576, 19], [584, 19], [592, 22], [600, 9], [608, 23], [616, 12], [624, 13], [632, 11], [640, 11], [648, 8], [656, 22], [664, 8], [672, 9], [680, 7], [688, 9], [696, 9], [704, 14], [712, 13], [720, 23], [728, 13], [736, 10], [744, 17], [752, 14], [760, 28], [768, 13], [776, 21], [784, 13], [792, 259]]

=== metrics#gfx.content.frame_time.from_paint            sub=0x2 buckets=35  total=110357   trailer_total=0        match=False
      min_bucket=6            max_bucket=1237          
      buckets: [[6, 1], [7, 1], [8, 2], [9, 5], [11, 12], [13, 27], [15, 98], [18, 107], [21, 105], [25, 63], [29, 83], [34, 103], [40, 189], [47, 387], [55, 758], [64, 2190], [75, 6408], [88, 54709], [103, 42268], [120, 882], [140, 327], [164, 162], [192, 252], [224, 212], [262, 204], [306, 184], [357, 109], [417, 47], [487, 38], [569, 82], [665, 169], [777, 43], [907, 78], [1059, 46], [1237, 6]]

=== metrics#gfx.content.frame_time.with_svg              sub=0x2 buckets=26  total=109057   trailer_total=0        match=False
      min_bucket=11           max_bucket=1445          
      buckets: [[11, 1], [15, 3], [18, 9], [21, 8], [25, 3], [29, 3], [40, 1], [88, 19695], [103, 86062], [120, 1055], [140, 403], [164, 126], [192, 523], [224, 154], [262, 130], [306, 137], [357, 105], [417, 69], [487, 51], [569, 89], [665, 160], [777, 111], [907, 71], [1059, 72], [1237, 14], [1445, 2]]

=== metrics#gfx.content.frame_time.without_resource_upload sub=0x2 buckets=26  total=218882   trailer_total=0        match=False
      min_bucket=11           max_bucket=1445          
      buckets: [[11, 4], [15, 6], [18, 18], [21, 16], [25, 6], [29, 6], [40, 2], [88, 39462], [103, 172284], [120, 2124], [140, 822], [164, 256], [192, 1066], [224, 314], [262, 270], [306, 288], [357, 218], [417, 182], [487, 214], [569, 368], [665, 372], [777, 236], [907, 164], [1059, 150], [1237, 30], [1445, 4]]

=== metrics#gfx.content.paint_time                       sub=0xb buckets=28  total=109801   trailer_total=0        match=False
      min_bucket=961548       max_bucket=39903169      
      buckets: [[961548, 8308], [1048576, 6279], [1143480, 6115], [1246974, 5597], [1359834, 5023], [1482910, 5245], [1617125, 5915], [1763487, 7261], [1923096, 8536], [2097152, 9243], [2286960, 9471], [2493948, 8503], [2719669, 7501], [2965820, 6054], [3234250, 4303], [3526975, 2846], [3846193, 1647], [4194304, 945], [4573920, 499], [4987896, 270], [5439339, 128], [5931641, 68], [6468501, 24], [7053950, 9], [7692387, 7], [8388608, 1], [36591367, 1], [39903169, 2]]

=== metrics#gfx.content.full_paint_time                  sub=0xb buckets=57  total=110084   trailer_total=0        match=False
      min_bucket=961548       max_bucket=159612677     
      buckets: [[961548, 482], [1048576, 148], [1143480, 335], [1246974, 1027], [1359834, 1804], [1482910, 3281], [1617125, 4529], [1763487, 5814], [1923096, 6655], [2097152, 6908], [2286960, 7668], [2493948, 8883], [2719669, 10161], [2965820, 10723], [3234250, 10182], [3526975, 8893], [3846193, 7620], [4194304, 5800], [4573920, 3946], [4987896, 2322], [5439339, 1303], [5931641, 710], [6468501, 370], [7053950, 180], [7692387, 121], [8388608, 69], [9147841, 24], [9975792, 22], [10878678, 14], [11863283, 7], [12937002, 4], [14107900, 1], [15384774, 1], [16777216, 1], [19951584, 1], [23726566, 1], [25874004, 2], [28215801, 2], [33554432, 3], [36591367, 1], [39903169, 2], [43514714, 1], [47453132, 2], [51748008, 1], [56431603, 2], [61539099, 3], [67108864, 1], [73182735, 4], [79806338, 7], [87029429, 3], [94906265, 3], [103496016, 4], [112863206, 6], [123078199, 6], [134217728, 7], [146365470, 10], [159612677, 4]]

=== metrics#a11y.tree_update_timing                      sub=0xb buckets=35  total=107753   trailer_total=0        match=False
      min_bucket=961548       max_bucket=189812531     
      buckets: [[961548, 105522], [1048576, 435], [1143480, 390], [1246974, 352], [1359834, 311], [1482910, 257], [1617125, 191], [1763487, 95], [1923096, 56], [2097152, 34], [2286960, 23], [2493948, 19], [2719669, 11], [2965820, 8], [3234250, 4], [3526975, 7], [3846193, 2], [4194304, 3], [4573920, 2], [4987896, 1], [5439339, 3], [5931641, 2], [6468501, 2], [9147841, 1], [12937002, 2], [15384774, 3], [16777216, 2], [18295683, 1], [19951584, 3], [21757357, 2], [25874004, 2], [28215801, 4], [123078199, 1], [146365470, 1], [189812531, 1]]

=== metrics#gfx.display.scaling                          sub=0x3 buckets=1   total=1        trailer_total=0        match=False
      min_bucket=199          max_bucket=199           
      buckets: [[199, 1]]

wrote distributions.json
### frame_time.reason cross-check ###
   missed_composite                                           = 234881024
   missed_composite_long                                      = 637534208
   missed_composite_low                                       = 2768240640
   missed_composite_mid                                       = 150994944
   no_vsync                                                   = 16777216
   no_vsync_no_id                                             = 16777216
   on_time                                                    = 218103808
   slow_composite                                             = 2415919104
   TOTAL = 6459228160
   metrics#gfx.skipped_composites                             = 2650800128
   metrics#gfx.content.frame_time.from_vsync                  payload-total = 109441
   metrics#gfx.composite_time                                 payload-total = 173703
   metrics#gfx.composite_frame_roundtrip_time                 payload-total = 174804
