=== metrics#a11y.backplate @ keyoff=54406 keyend=54428 nextkey=54458 window=30
   +   0 | 0e 00 00 00 00 00 00 00 09 05 00 00 00 00 00 00 00 00 00 00 00 01 19 00 00 00 00 00 00 00 6d 65  | b'\x0e\x00\x00\x00\x00\x00\x00\x00\t\x05\x00\x00\x00\x00\x00\x00\x00\x00\x00\x00\x00\x01\x19\x00\x00\x00\x00\x00\x00\x00me'
   +  32 | 74 72 69 63 73 23 61 31 31 79 2e 74 68 65 6d 65 2f 61 6c 77 61 79 73 0e 00 00 00 00 00 00 00 09  | b'trics#a11y.theme/always\x0e\x00\x00\x00\x00\x00\x00\x00\t'
   +  64 | 05 00 00 00 00 00                                                                                | b'\x05\x00\x00\x00\x00\x00'

=== metrics#gfx.display.count @ keyoff=46681 keyend=46706 nextkey=46743 window=37
   +   0 | 15 00 00 00 00 00 00 00 09 0c 00 00 00 00 00 00 00 06 00 00 00 01 00 00 00 00 00 00 00 22 00 00  | b'\x15\x00\x00\x00\x00\x00\x00\x00\t\x0c\x00\x00\x00\x00\x00\x00\x00\x06\x00\x00\x00\x01\x00\x00\x00\x00\x00\x00\x00"\x00\x00'
   +  32 | 00 00 00 00 00 6d 65 74 72 69 63 73 23 67 66 78 2e 64 69 73 70 6c 61 79 2e 70 72 69 6d 61 72 79  | b'\x00\x00\x00\x00\x00metrics#gfx.display.primary'
   +  64 | 5f 68 65 69 67 68 74 15 00 00 00 00 00                                                           | b'_height\x15\x00\x00\x00\x00\x00'

=== metrics#gfx.display.primary_width @ keyoff=46814 keyend=46847 nextkey=46884 window=37
   +   0 | 15 00 00 00 00 00 00 00 09 0c 00 00 00 00 00 00 00 06 00 00 00 00 14 00 00 00 00 00 00 1d 00 00  | b'\x15\x00\x00\x00\x00\x00\x00\x00\t\x0c\x00\x00\x00\x00\x00\x00\x00\x06\x00\x00\x00\x00\x14\x00\x00\x00\x00\x00\x00\x1d\x00\x00'
   +  32 | 00 00 00 00 00 6d 65 74 72 69 63 73 23 67 66 78 2e 73 74 61 74 75 73 2e 63 6f 6d 70 6f 73 69 74  | b'\x00\x00\x00\x00\x00metrics#gfx.status.composit'
   +  64 | 6f 72 1e 00 00 00 00 00 00 00 09 15 00                                                           | b'or\x1e\x00\x00\x00\x00\x00\x00\x00\t\x15\x00'

=== metrics#gfx.display.primary_height @ keyoff=46743 keyend=46777 nextkey=46814 window=37
   +   0 | 15 00 00 00 00 00 00 00 09 0c 00 00 00 00 00 00 00 06 00 00 00 40 0b 00 00 00 00 00 00 21 00 00  | b'\x15\x00\x00\x00\x00\x00\x00\x00\t\x0c\x00\x00\x00\x00\x00\x00\x00\x06\x00\x00\x00@\x0b\x00\x00\x00\x00\x00\x00!\x00\x00'
   +  32 | 00 00 00 00 00 6d 65 74 72 69 63 73 23 67 66 78 2e 64 69 73 70 6c 61 79 2e 70 72 69 6d 61 72 79  | b'\x00\x00\x00\x00\x00metrics#gfx.display.primary'
   +  64 | 5f 77 69 64 74 68 15 00 00 00 00 00 00                                                           | b'_width\x15\x00\x00\x00\x00\x00\x00'

=== metrics#gfx.display.scaling @ keyoff=111989 keyend=112016 nextkey=112109 window=93
   +   0 | 4d 00 00 00 00 00 00 00 09 44 00 00 00 00 00 00 00 03 00 00 00 01 00 00 00 00 00 00 00 c7 00 00  | b'M\x00\x00\x00\x00\x00\x00\x00\tD\x00\x00\x00\x00\x00\x00\x00\x03\x00\x00\x00\x01\x00\x00\x00\x00\x00\x00\x00\xc7\x00\x00'
   +  32 | 00 00 00 00 00 01 00 00 00 00 00 00 00 01 00 00 00 00 00 00 00 c8 00 00 00 00 00 00 00 01 00 00  | b'\x00\x00\x00\x00\x00\x01\x00\x00\x00\x00\x00\x00\x00\x01\x00\x00\x00\x00\x00\x00\x00\xc8\x00\x00\x00\x00\x00\x00\x00\x01\x00\x00'
   +  64 | 00 00 00 00 00 f4 01 00 00 00 00 00 00 64 00 00 00 00 00 00 00 21 00 00 00 00 00 00 00 6d 65 74  | b'\x00\x00\x00\x00\x00\xf4\x01\x00\x00\x00\x00\x00\x00d\x00\x00\x00\x00\x00\x00\x00!\x00\x00\x00\x00\x00\x00\x00met'
   +  96 | 72 69 63 73 23 67 66 78 2e 6c 69 6e 75 78 5f 77 69 6e 64 6f 77 5f 70 72 6f 74 6f 63 6f 6c 18 00  | b'rics#gfx.linux_window_protocol\x18\x00'
   + 128 | 00 00 00 00 00                                                                                   | b'\x00\x00\x00\x00\x00'

=== metrics#gfx.status.compositor @ keyoff=46884 keyend=46913 nextkey=46959 window=46
   +   0 | 1e 00 00 00 00 00 00 00 09 15 00 00 00 00 00 00 00 07 00 00 00 09 00 00 00 00 00 00 00 77 65 62  | b'\x1e\x00\x00\x00\x00\x00\x00\x00\t\x15\x00\x00\x00\x00\x00\x00\x00\x07\x00\x00\x00\t\x00\x00\x00\x00\x00\x00\x00web'
   +  32 | 72 65 6e 64 65 72 1b 00 00 00 00 00 00 00 6d 65 74 72 69 63 73 23 67 66 78 2e 73 74 61 74 75 73  | b'render\x1b\x00\x00\x00\x00\x00\x00\x00metrics#gfx.status'
   +  64 | 2e 68 65 61 64 6c 65 73 73 0e 00 00 00 00 00 00 00 09 05 00 00 00                                | b'.headless\x0e\x00\x00\x00\x00\x00\x00\x00\t\x05\x00\x00\x00'

=== metrics#gfx.checkerboard.severity @ keyoff=101469 keyend=101502 nextkey=101819 window=317
   +   0 | 2d 01 00 00 00 00 00 00 09 24 01 00 00 00 00 00 00 02 00 00 00 0f 00 00 00 00 00 00 00 40 12 00  | b'-\x01\x00\x00\x00\x00\x00\x00\t$\x01\x00\x00\x00\x00\x00\x00\x02\x00\x00\x00\x0f\x00\x00\x00\x00\x00\x00\x00@\x12\x00'
   +  32 | 00 00 00 00 00 03 00 00 00 00 00 00 00 02 00 00 00 00 00 00 00 01 00 00 00 00 00 00 00 08 00 00  | b'\x00\x00\x00\x00\x00\x03\x00\x00\x00\x00\x00\x00\x00\x02\x00\x00\x00\x00\x00\x00\x00\x01\x00\x00\x00\x00\x00\x00\x00\x08\x00\x00'
   +  64 | 00 00 00 00 00 01 00 00 00 00 00 00 00 0c 00 00 00 00 00 00 00 02 00 00 00 00 00 00 00 c2 2a 00  | b'\x00\x00\x00\x00\x00\x01\x00\x00\x00\x00\x00\x00\x00\x0c\x00\x00\x00\x00\x00\x00\x00\x02\x00\x00\x00\x00\x00\x00\x00\xc2*\x00'
   +  96 | 00 00 00 00 00 02 00 00 00 00 00 00 00 17 05 00 00 00 00 00 00 07 00 00 00 00 00 00 00 01 00 00  | b'\x00\x00\x00\x00\x00\x02\x00\x00\x00\x00\x00\x00\x00\x17\x05\x00\x00\x00\x00\x00\x00\x07\x00\x00\x00\x00\x00\x00\x00\x01\x00\x00'
   + 128 | 00 00 00 00 00 01 00 00 00 00 00 00 00 9b 00 00 00 00 00 00 00 02 00 00 00 00 00 00 00 2c 02 00  | b'\x00\x00\x00\x00\x00\x01\x00\x00\x00\x00\x00\x00\x00\x9b\x00\x00\x00\x00\x00\x00\x00\x02\x00\x00\x00\x00\x00\x00\x00,\x02\x00'
   + 160 | 00 00 00 00 00 04 00 00 00 00 00 00 00 65 00 00 00 00 00 00 00 01 00 00 00 00 00 00 00 6b 01 00  | b'\x00\x00\x00\x00\x00\x04\x00\x00\x00\x00\x00\x00\x00e\x00\x00\x00\x00\x00\x00\x00\x01\x00\x00\x00\x00\x00\x00\x00k\x01\x00'
   + 192 | 00 00 00 00 00 05 00 00 00 00 00 00 00 ca 07 00 00 00 00 00 00 06 00 00 00 00 00 00 00 53 03 00  | b'\x00\x00\x00\x00\x00\x05\x00\x00\x00\x00\x00\x00\x00\xca\x07\x00\x00\x00\x00\x00\x00\x06\x00\x00\x00\x00\x00\x00\x00S\x03\x00'
   + 224 | 00 00 00 00 00 04 00 00 00 00 00 00 00 ed 00 00 00 00 00 00 00 02 00 00 00 00 00 00 00 ec 0b 00  | b'\x00\x00\x00\x00\x00\x04\x00\x00\x00\x00\x00\x00\x00\xed\x00\x00\x00\x00\x00\x00\x00\x02\x00\x00\x00\x00\x00\x00\x00\xec\x0b\x00'
   + 256 | 00 00 00 00 00 09 00 00 00 00 00 00 00 32 00 00 00 00 00 00 00 76 bf 01 00 00 00 00 00 01 00 00  | b'\x00\x00\x00\x00\x00\t\x00\x00\x00\x00\x00\x00\x002\x00\x00\x00\x00\x00\x00\x00v\xbf\x01\x00\x00\x00\x00\x00\x01\x00\x00'
   + 288 | 00 00 00 00 00 00 00 00 40 00 00 00 00 32 00 00 00 00 00 00 00 2a 00 00 00 00 00 00 00 6d 65 74  | b'\x00\x00\x00\x00\x00\x00\x00\x00@\x00\x00\x00\x002\x00\x00\x00\x00\x00\x00\x00*\x00\x00\x00\x00\x00\x00\x00met'
   + 320 | 72 69 63 73 23 67 66 78 2e 63 6f 6d 70 6f 73 69 74 65 5f 66 72 61 6d 65 5f 72 6f 75 6e 64 74 72  | b'rics#gfx.composite_frame_roundtr'
   + 352 | 69 70 5f 74 69                                                                                   | b'ip_ti'

=== metrics#gfx.checkerboard.duration @ keyoff=100241 keyend=100274 nextkey=100527 window=253
   +   0 | ed 00 00 00 00 00 00 00 09 e4 00 00 00 00 00 00 00 0b 00 00 00 0c 00 00 00 00 00 00 00 8d 81 d5  | b'\xed\x00\x00\x00\x00\x00\x00\x00\t\xe4\x00\x00\x00\x00\x00\x00\x00\x0b\x00\x00\x00\x0c\x00\x00\x00\x00\x00\x00\x00\x8d\x81\xd5'
   +  32 | 01 00 00 00 00 07 00 00 00 00 00 00 00 cc 13 d4 02 00 00 00 00 08 00 00 00 00 00 00 00 c6 c0 ea  | b'\x01\x00\x00\x00\x00\x07\x00\x00\x00\x00\x00\x00\x00\xcc\x13\xd4\x02\x00\x00\x00\x00\x08\x00\x00\x00\x00\x00\x00\x00\xc6\xc0\xea'
   +  64 | 00 00 00 00 00 03 00 00 00 00 00 00 00 99 27 a8 05 00 00 00 00 02 00 00 00 00 00 00 00 e6 27 ba  | b"\x00\x00\x00\x00\x00\x03\x00\x00\x00\x00\x00\x00\x00\x99'\xa8\x05\x00\x00\x00\x00\x02\x00\x00\x00\x00\x00\x00\x00\xe6'\xba"
   +  96 | 06 00 00 00 00 02 00 00 00 00 00 00 00 00 00 00 04 00 00 00 00 01 00 00 00 00 00 00 00 00 00 00  | b'\x06\x00\x00\x00\x00\x02\x00\x00\x00\x00\x00\x00\x00\x00\x00\x00\x04\x00\x00\x00\x00\x01\x00\x00\x00\x00\x00\x00\x00\x00\x00\x00'
   + 128 | 02 00 00 00 00 01 00 00 00 00 00 00 00 00 00 00 10 00 00 00 00 01 00 00 00 00 00 00 00 1b 03 ab  | b'\x02\x00\x00\x00\x00\x01\x00\x00\x00\x00\x00\x00\x00\x00\x00\x00\x10\x00\x00\x00\x00\x01\x00\x00\x00\x00\x00\x00\x00\x1b\x03\xab'
   + 160 | 03 00 00 00 00 03 00 00 00 00 00 00 00 42 e5 ac 18 00 00 00 00 01 00 00 00 00 00 00 00 82 bf c1  | b'\x03\x00\x00\x00\x00\x03\x00\x00\x00\x00\x00\x00\x00B\xe5\xac\x18\x00\x00\x00\x00\x01\x00\x00\x00\x00\x00\x00\x00\x82\xbf\xc1'
   + 192 | 04 00 00 00 00 02 00 00 00 00 00 00 00 00 00 00 01 00 00 00 00 13 00 00 00 00 00 00 00 32 00 00  | b'\x04\x00\x00\x00\x00\x02\x00\x00\x00\x00\x00\x00\x00\x00\x00\x00\x01\x00\x00\x00\x00\x13\x00\x00\x00\x00\x00\x00\x002\x00\x00'
   + 224 | 00 00 00 00 00 13 86 21 9c 00 00 00 00 7b 51 7d 3c b8 72 f1 3f 29 00 00 00 00 00 00 00 6d 65 74  | b'\x00\x00\x00\x00\x00\x13\x86!\x9c\x00\x00\x00\x00{Q}<\xb8r\xf1?)\x00\x00\x00\x00\x00\x00\x00met'
   + 256 | 72 69 63 73 23 67 66 78 2e 63 68 65 63 6b 65 72 62 6f 61 72 64 2e 70 65 61 6b 5f 70 69 78 65 6c  | b'rics#gfx.checkerboard.peak_pixel'
   + 288 | 5f 63 6f 75 6e                                                                                   | b'_coun'

=== metrics#gfx.checkerboard.potential_duration @ keyoff=100917 keyend=100960 nextkey=101469 window=509
   +   0 | ed 01 00 00 00 00 00 00 09 e4 01 00 00 00 00 00 00 0b 00 00 00 1c 00 00 00 00 00 00 00 33 4f 50  | b'\xed\x01\x00\x00\x00\x00\x00\x00\t\xe4\x01\x00\x00\x00\x00\x00\x00\x0b\x00\x00\x00\x1c\x00\x00\x00\x00\x00\x00\x003OP'
   +  32 | 0b 00 00 00 00 07 00 00 00 00 00 00 00 99 27 a8 05 00 00 00 00 04 00 00 00 00 00 00 00 1e 5c b9  | b"\x0b\x00\x00\x00\x00\x07\x00\x00\x00\x00\x00\x00\x00\x99'\xa8\x05\x00\x00\x00\x00\x04\x00\x00\x00\x00\x00\x00\x00\x1e\\\xb9"
   +  64 | 08 00 00 00 00 06 00 00 00 00 00 00 00 0a fe 06 13 00 00 00 00 06 00 00 00 00 00 00 00 6a ed 5f  | b'\x08\x00\x00\x00\x00\x06\x00\x00\x00\x00\x00\x00\x00\n\xfe\x06\x13\x00\x00\x00\x00\x06\x00\x00\x00\x00\x00\x00\x00j\xed_'
   +  96 | 0a 00 00 00 00 03 00 00 00 00 00 00 00 99 9f e8 1a 00 00 00 00 02 00 00 00 00 00 00 00 05 7f 83  | b'\n\x00\x00\x00\x00\x03\x00\x00\x00\x00\x00\x00\x00\x99\x9f\xe8\x1a\x00\x00\x00\x00\x02\x00\x00\x00\x00\x00\x00\x00\x05\x7f\x83'
   + 128 | 09 00 00 00 00 03 00 00 00 00 00 00 00 82 bf c1 04 00 00 00 00 01 00 00 00 00 00 00 00 b9 31 b0  | b'\t\x00\x00\x00\x00\x03\x00\x00\x00\x00\x00\x00\x00\x82\xbf\xc1\x04\x00\x00\x00\x00\x01\x00\x00\x00\x00\x00\x00\x00\xb91\xb0'
   + 160 | 3a 00 00 00 00 01 00 00 00 00 00 00 00 00 00 00 01 00 00 00 00 02 00 00 00 00 00 00 00 dc 18 58  | b':\x00\x00\x00\x00\x01\x00\x00\x00\x00\x00\x00\x00\x00\x00\x00\x01\x00\x00\x00\x00\x02\x00\x00\x00\x00\x00\x00\x00\xdc\x18X'
   + 192 | 1d 00 00 00 00 06 00 00 00 00 00 00 00 a1 72 56 0c 00 00 00 00 2b 00 00 00 00 00 00 00 aa b5 7f  | b'\x1d\x00\x00\x00\x00\x06\x00\x00\x00\x00\x00\x00\x00\xa1rV\x0c\x00\x00\x00\x00+\x00\x00\x00\x00\x00\x00\x00\xaa\xb5\x7f'
   + 224 | 29 00 00 00 00 05 00 00 00 00 00 00 00 14 fc 0d 26 00 00 00 00 01 00 00 00 00 00 00 00 78 70 e5  | b')\x00\x00\x00\x00\x05\x00\x00\x00\x00\x00\x00\x00\x14\xfc\r&\x00\x00\x00\x00\x01\x00\x00\x00\x00\x00\x00\x00xp\xe5'
   + 256 | 22 00 00 00 00 05 00 00 00 00 00 00 00 42 e5 ac 18 00 00 00 00 08 00 00 00 00 00 00 00 6e 0c ac  | b'"\x00\x00\x00\x00\x05\x00\x00\x00\x00\x00\x00\x00B\xe5\xac\x18\x00\x00\x00\x00\x08\x00\x00\x00\x00\x00\x00\x00n\x0c\xac'
   + 288 | 0e 00 00 00 00 11 00 00 00 00 00 00 00 37 06 56 07 00 00 00 00 05 00 00 00 00 00 00 00 3c b8 72  | b'\x0e\x00\x00\x00\x00\x11\x00\x00\x00\x00\x00\x00\x007\x06V\x07\x00\x00\x00\x00\x05\x00\x00\x00\x00\x00\x00\x00<\xb8r'
   + 320 | 11 00 00 00 00 12 00 00 00 00 00 00 00 99 79 82 5a 00 00 00 00 01 00 00 00 00 00 00 00 a9 d6 fe  | b'\x11\x00\x00\x00\x00\x12\x00\x00\x00\x00\x00\x00\x00\x99y\x82Z\x00\x00\x00\x00\x01\x00\x00\x00\x00\x00\x00\x00\xa9\xd6\xfe'
   + 352 | a5 00 00 00 00 01 00 00 00 00 00 00 00 08 95 b3 62 00 00 00 00 01 00 00 00 00 00 00 00 84 ca 59  | b'\xa5\x00\x00\x00\x00\x01\x00\x00\x00\x00\x00\x00\x00\x08\x95\xb3b\x00\x00\x00\x00\x01\x00\x00\x00\x00\x00\x00\x00\x84\xcaY'
   + 384 | 31 00 00 00 00 06 00 00 00 00 00 00 00 e6 27 ba                                                  | b"1\x00\x00\x00\x00\x06\x00\x00\x00\x00\x00\x00\x00\xe6'\xba"

=== metrics#gfx.checkerboard.peak_pixel_count @ keyoff=100527 keyend=100568 nextkey=100917 window=349
   +   0 | 4d 01 00 00 00 00 00 00 09 44 01 00 00 00 00 00 00 02 00 00 00 11 00 00 00 00 00 00 00 b0 36 00  | b'M\x01\x00\x00\x00\x00\x00\x00\tD\x01\x00\x00\x00\x00\x00\x00\x02\x00\x00\x00\x11\x00\x00\x00\x00\x00\x00\x00\xb06\x00'
   +  32 | 00 00 00 00 00 03 00 00 00 00 00 00 00 33 1a 00 00 00 00 00 00 02 00 00 00 00 00 00 00 3e 3c 0c  | b'\x00\x00\x00\x00\x00\x03\x00\x00\x00\x00\x00\x00\x003\x1a\x00\x00\x00\x00\x00\x00\x02\x00\x00\x00\x00\x00\x00\x00><\x0c'
   +  64 | 00 00 00 00 00 02 00 00 00 00 00 00 00 c8 ce 02 00 00 00 00 00 06 00 00 00 00 00 00 00 e8 77 08  | b'\x00\x00\x00\x00\x00\x02\x00\x00\x00\x00\x00\x00\x00\xc8\xce\x02\x00\x00\x00\x00\x00\x06\x00\x00\x00\x00\x00\x00\x00\xe8w\x08'
   +  96 | 00 00 00 00 00 05 00 00 00 00 00 00 00 53 58 01 00 00 00 00 00 01 00 00 00 00 00 00 00 8d 0c 00  | b'\x00\x00\x00\x00\x00\x05\x00\x00\x00\x00\x00\x00\x00SX\x01\x00\x00\x00\x00\x00\x01\x00\x00\x00\x00\x00\x00\x00\x8d\x0c\x00'
   + 128 | 00 00 00 00 00 01 00 00 00 00 00 00 00 83 0e 04 00 00 00 00 00 07 00 00 00 00 00 00 00 da 25 00  | b'\x00\x00\x00\x00\x00\x01\x00\x00\x00\x00\x00\x00\x00\x83\x0e\x04\x00\x00\x00\x00\x00\x07\x00\x00\x00\x00\x00\x00\x00\xda%\x00'
   + 160 | 00 00 00 00 00 01 00 00 00 00 00 00 00 7d f1 01 00 00 00 00 00 07 00 00 00 00 00 00 00 f2 a4 00  | b'\x00\x00\x00\x00\x00\x01\x00\x00\x00\x00\x00\x00\x00}\xf1\x01\x00\x00\x00\x00\x00\x07\x00\x00\x00\x00\x00\x00\x00\xf2\xa4\x00'
   + 192 | 00 00 00 00 00 02 00 00 00 00 00 00 00 2a 72 00 00 00 00 00 00 04 00 00 00 00 00 00 00 03 06 00  | b'\x00\x00\x00\x00\x00\x02\x00\x00\x00\x00\x00\x00\x00*r\x00\x00\x00\x00\x00\x00\x04\x00\x00\x00\x00\x00\x00\x00\x03\x06\x00'
   + 224 | 00 00 00 00 00 01 00 00 00 00 00 00 00 e1 02 00 00 00 00 00 00 01 00 00 00 00 00 00 00 29 04 00  | b'\x00\x00\x00\x00\x00\x01\x00\x00\x00\x00\x00\x00\x00\xe1\x02\x00\x00\x00\x00\x00\x00\x01\x00\x00\x00\x00\x00\x00\x00)\x04\x00'
   + 256 | 00 00 00 00 00 01 00 00 00 00 00 00 00 04 4f 00 00 00 00 00 00 03 00 00 00 00 00 00 00 51 ee 00  | b'\x00\x00\x00\x00\x00\x01\x00\x00\x00\x00\x00\x00\x00\x04O\x00\x00\x00\x00\x00\x00\x03\x00\x00\x00\x00\x00\x00\x00Q\xee\x00'
   + 288 | 00 00 00 00 00 03 00 00 00 00 00 00 00 32 00 00 00 00 00 00 00 a2 83 a4 00 00 00 00 00 01 00 00  | b'\x00\x00\x00\x00\x00\x03\x00\x00\x00\x00\x00\x00\x002\x00\x00\x00\x00\x00\x00\x00\xa2\x83\xa4\x00\x00\x00\x00\x00\x01\x00\x00'
   + 320 | 00 00 00 00 00 00 80 f4 03 00 00 00 00 32 00 00 00 00 00 00 00 2b 00 00 00 00 00 00 00 6d 65 74  | b'\x00\x00\x00\x00\x00\x00\x80\xf4\x03\x00\x00\x00\x002\x00\x00\x00\x00\x00\x00\x00+\x00\x00\x00\x00\x00\x00\x00met'
   + 352 | 72 69 63 73 23 67 66 78 2e 63 68 65 63 6b 65 72 62 6f 61 72 64 2e 70 6f 74 65 6e 74 69 61 6c 5f  | b'rics#gfx.checkerboard.potential_'
   + 384 | 64 75 72 61 74                                                                                   | b'durat'

=== metrics#gfx.composite_time @ keyoff=102418 keyend=102444 nextkey=103417 window=973
   +   0 | bd 03 00 00 00 00 00 00 09 b4 03 00 00 00 00 00 00 0b 00 00 00 39 00 00 00 00 00 00 00 00 00 20  | b'\xbd\x03\x00\x00\x00\x00\x00\x00\t\xb4\x03\x00\x00\x00\x00\x00\x00\x0b\x00\x00\x009\x00\x00\x00\x00\x00\x00\x00\x00\x00 '
   +  32 | 00 00 00 00 00 c3 03 00 00 00 00 00 00 ca 59 31 00 00 00 00 00 a4 00 00 00 00 00 00 00 1b 03 ab  | b'\x00\x00\x00\x00\x00\xc3\x03\x00\x00\x00\x00\x00\x00\xcaY1\x00\x00\x00\x00\x00\xa4\x00\x00\x00\x00\x00\x00\x00\x1b\x03\xab'
   +  64 | 03 00 00 00 00 1f 00 00 00 00 00 00 00 83 2b 17 01 00 00 00 00 8f 00 00 00 00 00 00 00 e0 6f 30  | b'\x03\x00\x00\x00\x00\x1f\x00\x00\x00\x00\x00\x00\x00\x83+\x17\x01\x00\x00\x00\x00\x8f\x00\x00\x00\x00\x00\x00\x00\xe0o0'
   +  96 | 01 00 00 00 00 8a 00 00 00 00 00 00 00 8d 81 d5 01 00 00 00 00 f3 00 00 00 00 00 00 00 f9 89 ae  | b'\x01\x00\x00\x00\x00\x8a\x00\x00\x00\x00\x00\x00\x00\x8d\x81\xd5\x01\x00\x00\x00\x00\xf3\x00\x00\x00\x00\x00\x00\x00\xf9\x89\xae'
   + 128 | 01 00 00 00 00 b8 00 00 00 00 00 00 00 b8 72 11 00 00 00 00 00 d0 32 00 00 00 00 00 00 cc 13 d4  | b'\x01\x00\x00\x00\x00\xb8\x00\x00\x00\x00\x00\x00\x00\xb8r\x11\x00\x00\x00\x00\x00\xd02\x00\x00\x00\x00\x00\x00\xcc\x13\xd4'
   + 160 | 02 00 00 00 00 8e 00 00 00 00 00 00 00 f3 04 b5 00 00 00 00 00 48 00 00 00 00 00 00 00 3c 41 2d  | b'\x02\x00\x00\x00\x00\x8e\x00\x00\x00\x00\x00\x00\x00\xf3\x04\xb5\x00\x00\x00\x00\x00H\x00\x00\x00\x00\x00\x00\x00<A-'
   + 192 | 00 00 00 00 00 d5 00 00 00 00 00 00 00 0f ae 5c 04 00 00 00 00 24 00 00 00 00 00 00 00 da bf 14  | b'\x00\x00\x00\x00\x00\xd5\x00\x00\x00\x00\x00\x00\x00\x0f\xae\\\x04\x00\x00\x00\x00$\x00\x00\x00\x00\x00\x00\x00\xda\xbf\x14'
   + 224 | 00 00 00 00 00 09 1b 00 00 00 00 00 00 00 00 00 01 00 00 00 00 63 00 00 00 00 00 00 00 b5 7f 29  | b'\x00\x00\x00\x00\x00\t\x1b\x00\x00\x00\x00\x00\x00\x00\x00\x00\x01\x00\x00\x00\x00c\x00\x00\x00\x00\x00\x00\x00\xb5\x7f)'
   + 256 | 00 00 00 00 00 29 01 00 00 00 00 00 00 f0 37 98 00 00 00 00 00 53 00 00 00 00 00 00 00 3f d1 35  | b'\x00\x00\x00\x00\x00)\x01\x00\x00\x00\x00\x00\x00\xf07\x98\x00\x00\x00\x00\x00S\x00\x00\x00\x00\x00\x00\x00?\xd15'
   + 288 | 00 00 00 00 00 96 00 00 00 00 00 00 00 31 b0 3a 00 00 00 00 00 79 00 00 00 00 00 00 00 ad fd 4b  | b'\x00\x00\x00\x00\x00\x96\x00\x00\x00\x00\x00\x00\x001\xb0:\x00\x00\x00\x00\x00y\x00\x00\x00\x00\x00\x00\x00\xad\xfdK'
   + 320 | 01 00 00 00 00 98 00 00 00 00 00 00 00 95 b3 62 00 00 00 00 00 96 00 00 00 00 00 00 00 9e a0 16  | b'\x01\x00\x00\x00\x00\x98\x00\x00\x00\x00\x00\x00\x00\x95\xb3b\x00\x00\x00\x00\x00\x96\x00\x00\x00\x00\x00\x00\x00\x9e\xa0\x16'
   + 352 | 00 00 00 00 00 fa 10 00 00 00 00 00 00 e5 ac 18 00 00 00 00 00 e5 0a 00 00 00 00 00 00 fc 44 d7  | b'\x00\x00\x00\x00\x00\xfa\x10\x00\x00\x00\x00\x00\x00\xe5\xac\x18\x00\x00\x00\x00\x00\xe5\n\x00\x00\x00\x00\x00\x00\xfcD\xd7'
   + 384 | 00 00 00 00 00 57 00 00 00 00 00 00 00 70 e5 22                                                  | b'\x00\x00\x00\x00\x00W\x00\x00\x00\x00\x00\x00\x00p\xe5"'

=== metrics#gfx.composite_frame_roundtrip_time @ keyoff=101819 keyend=101861 nextkey=102418 window=557
   +   0 | 1d 02 00 00 00 00 00 00 09 14 02 00 00 00 00 00 00 0b 00 00 00 1f 00 00 00 00 00 00 00 00 00 00  | b'\x1d\x02\x00\x00\x00\x00\x00\x00\t\x14\x02\x00\x00\x00\x00\x00\x00\x0b\x00\x00\x00\x1f\x00\x00\x00\x00\x00\x00\x00\x00\x00\x00'
   +  32 | 02 00 00 00 00 04 00 00 00 00 00 00 00 b5 7f 29 00 00 00 00 00 02 00 00 00 00 00 00 00 3c 41 2d  | b'\x02\x00\x00\x00\x00\x04\x00\x00\x00\x00\x00\x00\x00\xb5\x7f)\x00\x00\x00\x00\x00\x02\x00\x00\x00\x00\x00\x00\x00<A-'
   +  64 | 00 00 00 00 00 01 00 00 00 00 00 00 00 3f d1 35 00 00 00 00 00 04 00 00 00 00 00 00 00 83 2b 17  | b'\x00\x00\x00\x00\x00\x01\x00\x00\x00\x00\x00\x00\x00?\xd15\x00\x00\x00\x00\x00\x04\x00\x00\x00\x00\x00\x00\x00\x83+\x17'
   +  96 | 01 00 00 00 00 02 00 00 00 00 00 00 00 7e a2 6b 00 00 00 00 00 01 00 00 00 00 00 00 00 d6 fe a5  | b'\x01\x00\x00\x00\x00\x02\x00\x00\x00\x00\x00\x00\x00~\xa2k\x00\x00\x00\x00\x00\x01\x00\x00\x00\x00\x00\x00\x00\xd6\xfe\xa5'
   + 128 | 00 00 00 00 00 01 00 00 00 00 00 00 00 0c ac 0e 00 00 00 00 00 a4 aa 02 00 00 00 00 00 18 58 1d  | b'\x00\x00\x00\x00\x00\x01\x00\x00\x00\x00\x00\x00\x00\x0c\xac\x0e\x00\x00\x00\x00\x00\xa4\xaa\x02\x00\x00\x00\x00\x00\x18X\x1d'
   + 160 | 00 00 00 00 00 01 00 00 00 00 00 00 00 e0 ca 45 00 00 00 00 00 02 00 00 00 00 00 00 00 70 e5 22  | b'\x00\x00\x00\x00\x00\x01\x00\x00\x00\x00\x00\x00\x00\xe0\xcaE\x00\x00\x00\x00\x00\x02\x00\x00\x00\x00\x00\x00\x00p\xe5"'
   + 192 | 00 00 00 00 00 01 00 00 00 00 00 00 00 0f ae 5c 04 00 00 00 00 01 00 00 00 00 00 00 00 54 ce 8a  | b'\x00\x00\x00\x00\x00\x01\x00\x00\x00\x00\x00\x00\x00\x0f\xae\\\x04\x00\x00\x00\x00\x01\x00\x00\x00\x00\x00\x00\x00T\xce\x8a'
   + 224 | 01 00 00 00 00 03 00 00 00 00 00 00 00 95 b3 62 00 00 00 00 00 02 00 00 00 00 00 00 00 e0 6f 30  | b'\x01\x00\x00\x00\x00\x03\x00\x00\x00\x00\x00\x00\x00\x95\xb3b\x00\x00\x00\x00\x00\x02\x00\x00\x00\x00\x00\x00\x00\xe0o0'
   + 256 | 01 00 00 00 00 02 00 00 00 00 00 00 00 fc 0d 26 00 00 00 00 00 01 00 00 00 00 00 00 00 b8 72 11  | b'\x01\x00\x00\x00\x00\x02\x00\x00\x00\x00\x00\x00\x00\xfc\r&\x00\x00\x00\x00\x00\x01\x00\x00\x00\x00\x00\x00\x00\xb8r\x11'
   + 288 | 00 00 00 00 00 01 00 00 00 00 00 00 00 00 00 00 01 00 00 00 00 01 00 00 00 00 00 00 00 f3 13 5d  | b'\x00\x00\x00\x00\x00\x01\x00\x00\x00\x00\x00\x00\x00\x00\x00\x00\x01\x00\x00\x00\x00\x01\x00\x00\x00\x00\x00\x00\x00\xf3\x13]'
   + 320 | 03 00 00 00 00 02 00 00 00 00 00 00 00 f0 37 98 00 00 00 00 00 01 00 00 00 00 00 00 00 00 00 00  | b'\x03\x00\x00\x00\x00\x02\x00\x00\x00\x00\x00\x00\x00\xf07\x98\x00\x00\x00\x00\x00\x01\x00\x00\x00\x00\x00\x00\x00\x00\x00\x00'
   + 352 | 08 00 00 00 00 01 00 00 00 00 00 00 00 00 00 40 00 00 00 00 00 01 00 00 00 00 00 00 00 ad fd 4b  | b'\x08\x00\x00\x00\x00\x01\x00\x00\x00\x00\x00\x00\x00\x00\x00@\x00\x00\x00\x00\x00\x01\x00\x00\x00\x00\x00\x00\x00\xad\xfdK'
   + 384 | 01 00 00 00 00 01 00 00 00 00 00 00 00 c6 c0 ea                                                  | b'\x01\x00\x00\x00\x00\x01\x00\x00\x00\x00\x00\x00\x00\xc6\xc0\xea'

=== metrics#gfx.scroll_present_latencym @ keyoff=112237 keyend=112272 nextkey=112652 window=380
   +   0 | 01 00 00 00 00 00 00 09 64 01 00 00 00 00 00 00 0b 00 00 00 14 00 00 00 00 00 00 00 00 00 00 02  | b'\x01\x00\x00\x00\x00\x00\x00\td\x01\x00\x00\x00\x00\x00\x00\x0b\x00\x00\x00\x14\x00\x00\x00\x00\x00\x00\x00\x00\x00\x00\x02'
   +  32 | 00 00 00 00 44 01 00 00 00 00 00 00 70 e5 22 00 00 00 00 00 01 00 00 00 00 00 00 00 cc 13 d4 02  | b'\x00\x00\x00\x00D\x01\x00\x00\x00\x00\x00\x00p\xe5"\x00\x00\x00\x00\x00\x01\x00\x00\x00\x00\x00\x00\x00\xcc\x13\xd4\x02'
   +  64 | 00 00 00 00 01 00 00 00 00 00 00 00 82 bf c1 04 00 00 00 00 01 00 00 00 00 00 00 00 cc 4f 74 0d  | b'\x00\x00\x00\x00\x01\x00\x00\x00\x00\x00\x00\x00\x82\xbf\xc1\x04\x00\x00\x00\x00\x01\x00\x00\x00\x00\x00\x00\x00\xccOt\r'
   +  96 | 00 00 00 00 04 00 00 00 00 00 00 00 83 2b 17 01 00 00 00 00 1d 00 00 00 00 00 00 00 e0 6f 30 01  | b'\x00\x00\x00\x00\x04\x00\x00\x00\x00\x00\x00\x00\x83+\x17\x01\x00\x00\x00\x00\x1d\x00\x00\x00\x00\x00\x00\x00\xe0o0\x01'
   + 128 | 00 00 00 00 4c 00 00 00 00 00 00 00 b5 7f 29 00 00 00 00 00 01 00 00 00 00 00 00 00 fc 0d 26 00  | b'\x00\x00\x00\x00L\x00\x00\x00\x00\x00\x00\x00\xb5\x7f)\x00\x00\x00\x00\x00\x01\x00\x00\x00\x00\x00\x00\x00\xfc\r&\x00'
   + 160 | 00 00 00 00 01 00 00 00 00 00 00 00 ad fd 4b 01 00 00 00 00 5c 00 00 00 00 00 00 00 f3 13 5d 03  | b'\x00\x00\x00\x00\x01\x00\x00\x00\x00\x00\x00\x00\xad\xfdK\x01\x00\x00\x00\x00\\\x00\x00\x00\x00\x00\x00\x00\xf3\x13]\x03'
   + 192 | 00 00 00 00 01 00 00 00 00 00 00 00 c1 df 60 02 00 00 00 00 02 00 00 00 00 00 00 00 00 00 00 01  | b'\x00\x00\x00\x00\x01\x00\x00\x00\x00\x00\x00\x00\xc1\xdf`\x02\x00\x00\x00\x00\x02\x00\x00\x00\x00\x00\x00\x00\x00\x00\x00\x01'
   + 224 | 00 00 00 00 02 00 00 00 00 00 00 00 f9 89 ae 01 00 00 00 00 c1 00 00 00 00 00 00 00 54 ce 8a 01  | b'\x00\x00\x00\x00\x02\x00\x00\x00\x00\x00\x00\x00\xf9\x89\xae\x01\x00\x00\x00\x00\xc1\x00\x00\x00\x00\x00\x00\x00T\xce\x8a\x01'
   + 256 | 00 00 00 00 93 00 00 00 00 00 00 00 a1 72 56 0c 00 00 00 00 03 00 00 00 00 00 00 00 8d 81 d5 01  | b'\x00\x00\x00\x00\x93\x00\x00\x00\x00\x00\x00\x00\xa1rV\x0c\x00\x00\x00\x00\x03\x00\x00\x00\x00\x00\x00\x00\x8d\x81\xd5\x01'
   + 288 | 00 00 00 00 0d 01 00 00 00 00 00 00 e6 09 6a 01 00 00 00 00 5b 00 00 00 00 00 00 00 6a ed 5f 0a  | b'\x00\x00\x00\x00\r\x01\x00\x00\x00\x00\x00\x00\xe6\tj\x01\x00\x00\x00\x00[\x00\x00\x00\x00\x00\x00\x00j\xed_\n'
   + 320 | 00 00 00 00 01 00 00 00 00 00 00 00 07 57 2e 02 00 00 00 00 30 00 00 00 00 00 00 00 07 05 00 00  | b'\x00\x00\x00\x00\x01\x00\x00\x00\x00\x00\x00\x00\x07W.\x02\x00\x00\x00\x000\x00\x00\x00\x00\x00\x00\x00\x07\x05\x00\x00'
   + 352 | 00 00 00 00 33 d2 6a 52 09 00 00 00 7b 51 7d 3c b8 72 f1 3f 1e 00 00 00 00 00 00 00 6d 65 74 72  | b'\x00\x00\x00\x003\xd2jR\t\x00\x00\x00{Q}<\xb8r\xf1?\x1e\x00\x00\x00\x00\x00\x00\x00metr'
   + 384 | 69 63 73 23 67 66 78 2e 73 6b 69 70 70 65 64 5f                                                  | b'ics#gfx.skipped_'

=== metrics#a11y.tree_update_timing @ keyoff=54513 keyend=54544 nextkey=55165 window=621
   +   0 | 5d 02 00 00 00 00 00 00 09 54 02 00 00 00 00 00 00 0b 00 00 00 23 00 00 00 00 00 00 00 fe 06 13  | b']\x02\x00\x00\x00\x00\x00\x00\tT\x02\x00\x00\x00\x00\x00\x00\x0b\x00\x00\x00#\x00\x00\x00\x00\x00\x00\x00\xfe\x06\x13'
   +  32 | 00 00 00 00 00 60 01 00 00 00 00 00 00 79 82 5a 00 00 00 00 00 02 00 00 00 00 00 00 00 fc 0d 26  | b'\x00\x00\x00\x00\x00`\x01\x00\x00\x00\x00\x00\x00y\x82Z\x00\x00\x00\x00\x00\x02\x00\x00\x00\x00\x00\x00\x00\xfc\r&'
   +  64 | 00 00 00 00 00 13 00 00 00 00 00 00 00 da bf 14 00 00 00 00 00 37 01 00 00 00 00 00 00 54 ce 8a  | b'\x00\x00\x00\x00\x00\x13\x00\x00\x00\x00\x00\x00\x00\xda\xbf\x14\x00\x00\x00\x00\x007\x01\x00\x00\x00\x00\x00\x00T\xce\x8a'
   +  96 | 01 00 00 00 00 02 00 00 00 00 00 00 00 f8 1b 4c 00 00 00 00 00 01 00 00 00 00 00 00 00 83 2b 17  | b'\x01\x00\x00\x00\x00\x02\x00\x00\x00\x00\x00\x00\x00\xf8\x1bL\x00\x00\x00\x00\x00\x01\x00\x00\x00\x00\x00\x00\x00\x83+\x17'
   + 128 | 01 00 00 00 00 01 00 00 00 00 00 00 00 e5 ac 18 00 00 00 00 00 bf 00 00 00 00 00 00 00 c1 95 8b  | b'\x01\x00\x00\x00\x00\x01\x00\x00\x00\x00\x00\x00\x00\xe5\xac\x18\x00\x00\x00\x00\x00\xbf\x00\x00\x00\x00\x00\x00\x00\xc1\x95\x8b'
   + 160 | 00 00 00 00 00 01 00 00 00 00 00 00 00 6b ff 52 00 00 00 00 00 03 00 00 00 00 00 00 00 95 b3 62  | b'\x00\x00\x00\x00\x00\x01\x00\x00\x00\x00\x00\x00\x00k\xffR\x00\x00\x00\x00\x00\x03\x00\x00\x00\x00\x00\x00\x00\x95\xb3b'
   + 192 | 00 00 00 00 00 02 00 00 00 00 00 00 00 b8 72 11 00 00 00 00 00 86 01 00 00 00 00 00 00 37 06 56  | b'\x00\x00\x00\x00\x00\x02\x00\x00\x00\x00\x00\x00\x00\xb8r\x11\x00\x00\x00\x00\x00\x86\x01\x00\x00\x00\x00\x00\x007\x06V'
   + 224 | 07 00 00 00 00 01 00 00 00 00 00 00 00 00 00 20 00 00 00 00 00 22 00 00 00 00 00 00 00 3c 41 2d  | b'\x07\x00\x00\x00\x00\x01\x00\x00\x00\x00\x00\x00\x00\x00\x00 \x00\x00\x00\x00\x00"\x00\x00\x00\x00\x00\x00\x00<A-'
   + 256 | 00 00 00 00 00 08 00 00 00 00 00 00 00 f9 89 ae 01 00 00 00 00 04 00 00 00 00 00 00 00 3f d1 35  | b'\x00\x00\x00\x00\x00\x08\x00\x00\x00\x00\x00\x00\x00\xf9\x89\xae\x01\x00\x00\x00\x00\x04\x00\x00\x00\x00\x00\x00\x00?\xd15'
   + 288 | 00 00 00 00 00 07 00 00 00 00 00 00 00 2a 67 c5 00 00 00 00 00 02 00 00 00 00 00 00 00 31 b0 3a  | b'\x00\x00\x00\x00\x00\x07\x00\x00\x00\x00\x00\x00\x00*g\xc5\x00\x00\x00\x00\x00\x02\x00\x00\x00\x00\x00\x00\x001\xb0:'
   + 320 | 00 00 00 00 00 02 00 00 00 00 00 00 00 33 4f 50 0b 00 00 00 00 01 00 00 00 00 00 00 00 18 58 1d  | b'\x00\x00\x00\x00\x00\x02\x00\x00\x00\x00\x00\x00\x003OP\x0b\x00\x00\x00\x00\x01\x00\x00\x00\x00\x00\x00\x00\x18X\x1d'
   + 352 | 00 00 00 00 00 38 00 00 00 00 00 00 00 70 e5 22 00 00 00 00 00 17 00 00 00 00 00 00 00 c6 c0 ea  | b'\x00\x00\x00\x00\x008\x00\x00\x00\x00\x00\x00\x00p\xe5"\x00\x00\x00\x00\x00\x17\x00\x00\x00\x00\x00\x00\x00\xc6\xc0\xea'
   + 384 | 00 00 00 00 00 03 00 00 00 00 00 00 00 0c ac 0e                                                  | b'\x00\x00\x00\x00\x00\x03\x00\x00\x00\x00\x00\x00\x00\x0c\xac\x0e'

=== metrics#gfx.adapters @ keyoff=25140 keyend=25160 nextkey=25507 window=347
   +   0 | 4b 01 00 00 00 00 00 00 09 42 01 00 00 00 00 00 00 11 00 00 00 36 01 00 00 00 00 00 00 5b 7b 22  | b'K\x01\x00\x00\x00\x00\x00\x00\tB\x01\x00\x00\x00\x00\x00\x00\x11\x00\x00\x006\x01\x00\x00\x00\x00\x00\x00[{"'
   +  32 | 64 65 73 63 72 69 70 74 69 6f 6e 22 3a 22 41 4d 44 20 52 79 7a 65 6e 20 39 20 39 39 35 30 58 20  | b'description":"AMD Ryzen 9 9950X '
   +  64 | 31 36 2d 43 6f 72 65 20 50 72 6f 63 65 73 73 6f 72 20 28 72 61 64 65 6f 6e 73 69 2c 20 72 61 70  | b'16-Core Processor (radeonsi, rap'
   +  96 | 68 61 65 6c 5f 6d 65 6e 64 6f 63 69 6e 6f 2c 20 4c 4c 56 4d 20 32 30 2e 31 2e 32 2c 20 44 52 4d  | b'hael_mendocino, LLVM 20.1.2, DRM'
   + 128 | 20 33 2e 36 31 2c 20 36 2e 31 34 2e 30 2d 32 37 2d 67 65 6e 65 72 69 63 29 22 2c 22 76 65 6e 64  | b' 3.61, 6.14.0-27-generic)","vend'
   + 160 | 6f 72 49 44 22 3a 22 30 78 31 30 30 32 22 2c 22 64 65 76 69 63 65 49 44 22 3a 22 30 78 31 33 63  | b'orID":"0x1002","deviceID":"0x13c'
   + 192 | 30 22 2c 22 52 41 4d 22 3a 30 2c 22 64 72 69 76 65 72 56 65 6e 64 6f 72 22 3a 22 6d 65 73 61 2f  | b'0","RAM":0,"driverVendor":"mesa/'
   + 224 | 72 61 64 65 6f 6e 73 69 22 2c 22 64 72 69 76 65 72 56 65 72 73 69 6f 6e 22 3a 22 32 35 2e 32 2e  | b'radeonsi","driverVersion":"25.2.'
   + 256 | 38 2e 30 22 2c 22 47 50 55 41 63 74 69 76 65 22 3a 74 72 75 65 7d 2c 7b 22 76 65 6e 64 6f 72 49  | b'8.0","GPUActive":true},{"vendorI'
   + 288 | 44 22 3a 22 30 78 31 30 64 65 22 2c 22 64 65 76 69 63 65 49 44 22 3a 22 30 78 32 36 38 34 22 2c  | b'D":"0x10de","deviceID":"0x2684",'
   + 320 | 22 47 50 55 41 63 74 69 76 65 22 3a 66 61 6c 73 65 7d 5d 1b 00 00 00 00 00 00 00 6d 65 74 72 69  | b'"GPUActive":false}]\x1b\x00\x00\x00\x00\x00\x00\x00metri'
   + 352 | 63 73 23 67 66 78 2e 63 6f 6e 74 65 6e 74 5f 62 61 63 6b 65 6e 64 19 00 00 00 00 00 00 00 09 10  | b'cs#gfx.content_backend\x19\x00\x00\x00\x00\x00\x00\x00\t\x10'
   + 384 | 00 00 00                                                                                         | b'\x00\x00\x00'

