=== /proc/stat total CPU ===
cpu  268316 11139 88056 4934545 15634 0 2698 0 0 0
cpu  271056 11154 88902 4962712 15692 0 2709 0 0 0

=== vmstat 1 10 ===
procs -----------memory---------- ---swap-- -----io---- -system-- -------cpu-------
 r  b 交换 空闲 缓冲 缓存   si   so    bi    bo   in   cs us sy id wa st gu
 3  0      0 6397804 1339276 41297380    0    0 23928 16270 36041   14  5  2 93  0  0  0
 2  0      0 6610544 1339436 41303204    0    0   900 31232 49461 57288  9  3 88  0  0  0
 2  0      0 6322416 1339680 41299600    0    0   520 80392 52530 70493  7  2 90  0  0  0
 4  0      0 6046708 1339964 41307260    0    0    20 40788 51142 60322 11  3 86  0  0  0
 4  0      0 6208112 1340180 41309456    0    0   796 60008 42243 69413 10  2 88  0  0  0
 4  0      0 6202252 1340356 41310972    0    0   372 49700 39469 72392  9  2 88  0  0  0
 3  0      0 6441828 1340592 41242544    0    0   308 79412 50451 71767  8  3 89  0  0  0
 3  0      0 6294500 1340836 41232660    0    0   268 79012 42563 54703  8  2 90  0  0  0
 3  0      0 6571976 1341124 41281112    0    0   552 51444 56838 69799 12  3 84  0  0  0
 3  0      0 6018048 1341328 41279220    0    0   404 83244 38500 51111  9  2 89  0  0  0

=== mpstat 1 5 ===
Linux 6.14.0-27-generic (CNS202649516533) 	2026年09月22日 	_x86_64_	(32 CPU)

10时29分54秒  CPU    %usr   %nice    %sys %iowait    %irq   %soft  %steal  %guest  %gnice   %idle
10时29分55秒  all    8.74    0.00    6.26    0.19    0.00    0.03    0.00    0.00    0.00   84.78
10时29分56秒  all    9.22    0.03    6.22    0.13    0.00    0.06    0.00    0.00    0.00   84.34
10时29分57秒  all    8.32    0.13    3.89    0.31    0.00    0.06    0.00    0.00    0.00   87.29
10时29分58秒  all    7.10    0.09    2.64    0.25    0.00    0.00    0.00    0.00    0.00   89.91
10时29分59秒  all    8.79    0.00    2.48    0.22    0.00    0.06    0.00    0.00    0.00   88.44
平均时间:  all    8.43    0.05    4.30    0.22    0.00    0.04    0.00    0.00    0.00   86.96
