############ free -h ############
               total        used        free      shared  buff/cache   available
内存：          60Gi        14Gi       5.8Gi       248Mi        41Gi        46Gi
交换：         8.0Gi          0B       8.0Gi
--- free -m (detail incl swap/cache) ---
               total        used        free      shared     buffers       cache   available
内存：         61885       14401        5972         248        1319       40668       47484
交换：          8191           0        8191

############ PSI (again, fresh) ############
--- cpu
some avg10=0.00 avg60=0.00 avg300=0.00 total=3512698
full avg10=0.00 avg60=0.00 avg300=0.00 total=0
--- io
some avg10=0.00 avg60=0.01 avg300=0.06 total=12269387
full avg10=0.00 avg60=0.00 avg300=0.06 total=11636490
--- memory
some avg10=0.00 avg60=0.00 avg300=0.00 total=3
full avg10=0.00 avg60=0.00 avg300=0.00 total=3

############ vm/stat: page faults + swap ############
pswpin 0
pswpout 0
pgfault 194903925
pgmajfault 61201
--- meminfo key ---
MemTotal:       63371020 kB
MemAvailable:   48623692 kB
SwapTotal:       8388604 kB
SwapFree:        8388604 kB
Dirty:             83180 kB
Writeback:             0 kB
AnonPages:      11535180 kB
Mapped:          2305648 kB
Slab:            2898940 kB
SReclaimable:    2303220 kB
WritebackTmp:          0 kB
Committed_AS:   39214964 kB
ShmemPmdMapped:        0 kB
FilePmdMapped:         0 kB

############ iostat -x 1 3 ############
Linux 6.14.0-27-generic (CNS202649516533) 	2026年09月22日 	_x86_64_	(32 CPU)

avg-cpu:  %user   %nice %system %iowait  %steal   %idle
           5.16    0.20    1.77    0.29    0.00   92.59

Device            r/s     rkB/s   rrqm/s  %rrqm r_await rareq-sz     w/s     wkB/s   wrqm/s  %wrqm w_await wareq-sz     d/s     dkB/s   drqm/s  %drqm d_await dareq-sz     f/s f_await  aqu-sz  %util
loop0            0.01      0.01     0.00   0.00    0.00     1.21    0.00      0.00     0.00   0.00    0.00     0.00    0.00      0.00     0.00   0.00    0.00     0.00    0.00    0.00    0.00   0.00
loop1            0.84      2.58     0.00   0.00    0.01     3.08    0.00      0.00     0.00   0.00    0.00     0.00    0.00      0.00     0.00   0.00    0.00     0.00    0.00    0.00    0.00   0.00
loop10           1.20      3.59     0.00   0.00    0.01     2.99    0.00      0.00     0.00   0.00    0.00     0.00    0.00      0.00     0.00   0.00    0.00     0.00    0.00    0.00    0.00   0.00
loop11           1.19      3.59     0.00   0.00    0.01     3.01    0.00      0.00     0.00   0.00    0.00     0.00    0.00      0.00     0.00   0.00    0.00     0.00    0.00    0.00    0.00   0.00
loop12           2.40     26.37     0.00   0.00    0.03    10.97    0.00      0.00     0.00   0.00    0.00     0.00    0.00      0.00     0.00   0.00    0.00     0.00    0.00    0.00    0.00   0.01
loop13           6.02     15.46     0.00   0.00    0.01     2.57    0.00      0.00     0.00   0.00    0.00     0.00    0.00      0.00     0.00   0.00    0.00     0.00    0.00    0.00    0.00   0.00
loop14           0.64     27.56     0.00   0.00    0.08    42.84    0.00      0.00     0.00   0.00    0.00     0.00    0.00      0.00     0.00   0.00    0.00     0.00    0.00    0.00    0.00   0.01
loop15           0.02      0.20     0.00   0.00    0.28     8.07    0.00      0.00     0.00   0.00    0.00     0.00    0.00      0.00     0.00   0.00    0.00     0.00    0.00    0.00    0.00   0.00
loop16           0.03      0.22     0.00   0.00    0.27     7.96    0.00      0.00     0.00   0.00    0.00     0.00    0.00      0.00     0.00   0.00    0.00     0.00    0.00    0.00    0.00   0.00
loop17           0.03      0.21     0.00   0.00    0.26     6.94    0.00      0.00     0.00   0.00    0.00     0.00    0.00      0.00     0.00   0.00    0.00     0.00    0.00    0.00    0.00   0.00
loop18           0.01      0.03     0.00   0.00    0.10     2.76    0.00      0.00     0.00   0.00    0.00     0.00    0.00      0.00     0.00   0.00    0.00     0.00    0.00    0.00    0.00   0.00
loop19           0.45     16.52     0.00   0.00    0.12    36.79    0.00      0.00     0.00   0.00    0.00     0.00    0.00      0.00     0.00   0.00    0.00     0.00    0.00    0.00    0.00   0.01
loop2            0.82      2.57     0.00   0.00    0.02     3.12    0.00      0.00     0.00   0.00    0.00     0.00    0.00      0.00     0.00   0.00    0.00     0.00    0.00    0.00    0.00   0.00
loop20           0.02      0.29     0.00   0.00    0.09    11.91    0.00      0.00     0.00   0.00    0.00     0.00    0.00      0.00     0.00   0.00    0.00     0.00    0.00    0.00    0.00   0.00
loop21           0.03      0.21     0.00   0.00    0.00     6.18    0.00      0.00     0.00   0.00    0.00     0.00    0.00      0.00     0.00   0.00    0.00     0.00    0.00    0.00    0.00   0.00
loop3            0.64      2.06     0.00   0.00    0.04     3.22    0.00      0.00     0.00   0.00    0.00     0.00    0.00      0.00     0.00   0.00    0.00     0.00    0.00    0.00    0.00   0.00
loop4            0.84      4.20     0.00   0.00    0.03     5.02    0.00      0.00     0.00   0.00    0.00     0.00    0.00      0.00     0.00   0.00    0.00     0.00    0.00    0.00    0.00   0.00
loop5            1.12     58.39     0.00   0.00    0.13    52.34    0.00      0.00     0.00   0.00    0.00     0.00    0.00      0.00     0.00   0.00    0.00     0.00    0.00    0.00    0.00   0.01
loop6            0.04      0.65     0.00   0.00    0.24    15.05    0.00      0.00     0.00   0.00    0.00     0.00    0.00      0.00     0.00   0.00    0.00     0.00    0.00    0.00    0.00   0.00
loop7            0.03      0.20     0.00   0.00    0.20     7.95    0.00      0.00     0.00   0.00    0.00     0.00    0.00      0.00     0.00   0.00    0.00     0.00    0.00    0.00    0.00   0.00
loop8            0.03      0.20     0.00   0.00    0.28     7.72    0.00      0.00     0.00   0.00    0.00     0.00    0.00      0.00     0.00   0.00    0.00     0.00    0.00    0.00    0.00   0.00
loop9            0.96      2.52     0.00   0.00    0.02     2.61    0.00      0.00     0.00   0.00    0.00     0.00    0.00      0.00     0.00   0.00    0.00     0.00    0.00    0.00    0.00   0.00
nvme0n1        570.33  22843.72    26.31   4.41    0.13    40.05  211.39  17224.42   205.39  49.28    1.81    81.48    0.00      0.00     0.00   0.00    0.00     0.00   15.39    1.90    0.49   8.63


avg-cpu:  %user   %nice %system %iowait  %steal   %idle
           5.99    0.06    2.76    0.09    0.00   91.09

Device            r/s     rkB/s   rrqm/s  %rrqm r_await rareq-sz     w/s     wkB/s   wrqm/s  %wrqm w_await wareq-sz     d/s     dkB/s   drqm/s  %drqm d_await dareq-sz     f/s f_await  aqu-sz  %util
loop0            0.00      0.00     0.00   0.00    0.00     0.00    0.00      0.00     0.00   0.00    0.00     0.00    0.00      0.00     0.00   0.00    0.00     0.00    0.00    0.00    0.00   0.00
loop1            0.00      0.00     0.00   0.00    0.00     0.00    0.00      0.00     0.00   0.00    0.00     0.00    0.00      0.00     0.00   0.00    0.00     0.00    0.00    0.00    0.00   0.00
loop10           0.00      0.00     0.00   0.00    0.00     0.00    0.00      0.00     0.00   0.00    0.00     0.00    0.00      0.00     0.00   0.00    0.00     0.00    0.00    0.00    0.00   0.00
loop11           0.00      0.00     0.00   0.00    0.00     0.00    0.00      0.00     0.00   0.00    0.00     0.00    0.00      0.00     0.00   0.00    0.00     0.00    0.00    0.00    0.00   0.00
loop12           0.00      0.00     0.00   0.00    0.00     0.00    0.00      0.00     0.00   0.00    0.00     0.00    0.00      0.00     0.00   0.00    0.00     0.00    0.00    0.00    0.00   0.00
loop13           0.00      0.00     0.00   0.00    0.00     0.00    0.00      0.00     0.00   0.00    0.00     0.00    0.00      0.00     0.00   0.00    0.00     0.00    0.00    0.00    0.00   0.00
loop14           0.00      0.00     0.00   0.00    0.00     0.00    0.00      0.00     0.00   0.00    0.00     0.00    0.00      0.00     0.00   0.00    0.00     0.00    0.00    0.00    0.00   0.00
loop15           0.00      0.00     0.00   0.00    0.00     0.00    0.00      0.00     0.00   0.00    0.00     0.00    0.00      0.00     0.00   0.00    0.00     0.00    0.00    0.00    0.00   0.00
loop16           0.00      0.00     0.00   0.00    0.00     0.00    0.00      0.00     0.00   0.00    0.00     0.00    0.00      0.00     0.00   0.00    0.00     0.00    0.00    0.00    0.00   0.00
loop17           0.00      0.00     0.00   0.00    0.00     0.00    0.00      0.00     0.00   0.00    0.00     0.00    0.00      0.00     0.00   0.00    0.00     0.00    0.00    0.00    0.00   0.00
loop18           0.00      0.00     0.00   0.00    0.00     0.00    0.00      0.00     0.00   0.00    0.00     0.00    0.00      0.00     0.00   0.00    0.00     0.00    0.00    0.00    0.00   0.00
loop19           0.00      0.00     0.00   0.00    0.00     0.00    0.00      0.00     0.00   0.00    0.00     0.00    0.00      0.00     0.00   0.00    0.00     0.00    0.00    0.00    0.00   0.00
loop2            0.00      0.00     0.00   0.00    0.00     0.00    0.00      0.00     0.00   0.00    0.00     0.00    0.00      0.00     0.00   0.00    0.00     0.00    0.00    0.00    0.00   0.00
loop20           0.00      0.00     0.00   0.00    0.00     0.00    0.00      0.00     0.00   0.00    0.00     0.00    0.00      0.00     0.00   0.00    0.00     0.00    0.00    0.00    0.00   0.00
loop21           0.00      0.00     0.00   0.00    0.00     0.00    0.00      0.00     0.00   0.00    0.00     0.00    0.00      0.00     0.00   0.00    0.00     0.00    0.00    0.00    0.00   0.00
loop3            0.00      0.00     0.00   0.00    0.00     0.00    0.00      0.00     0.00   0.00    0.00     0.00    0.00      0.00     0.00   0.00    0.00     0.00    0.00    0.00    0.00   0.00
loop4            0.00      0.00     0.00   0.00    0.00     0.00    0.00      0.00     0.00   0.00    0.00     0.00    0.00      0.00     0.00   0.00    0.00     0.00    0.00    0.00    0.00   0.00
loop5            3.00     20.00     0.00   0.00    0.00     6.67    0.00      0.00     0.00   0.00    0.00     0.00    0.00      0.00     0.00   0.00    0.00     0.00    0.00    0.00    0.00   0.10
loop6            0.00      0.00     0.00   0.00    0.00     0.00    0.00      0.00     0.00   0.00    0.00     0.00    0.00      0.00     0.00   0.00    0.00     0.00    0.00    0.00    0.00   0.00
loop7            0.00      0.00     0.00   0.00    0.00     0.00    0.00      0.00     0.00   0.00    0.00     0.00    0.00      0.00     0.00   0.00    0.00     0.00    0.00    0.00    0.00   0.00
loop8            0.00      0.00     0.00   0.00    0.00     0.00    0.00      0.00     0.00   0.00    0.00     0.00    0.00      0.00     0.00   0.00    0.00     0.00    0.00    0.00    0.00   0.00
loop9            0.00      0.00     0.00   0.00    0.00     0.00    0.00      0.00     0.00   0.00    0.00     0.00    0.00      0.00     0.00   0.00    0.00     0.00    0.00    0.00    0.00   0.00
nvme0n1         48.00   4724.00     0.00   0.00    0.27    98.42  101.00   5496.00   118.00  53.88    0.85    54.42    0.00      0.00     0.00   0.00    0.00     0.00   13.00    1.69    0.12   3.70


avg-cpu:  %user   %nice %system %iowait  %steal   %idle
           5.47    0.00    1.60    0.09    0.00   92.84

Device            r/s     rkB/s   rrqm/s  %rrqm r_await rareq-sz     w/s     wkB/s   wrqm/s  %wrqm w_await wareq-sz     d/s     dkB/s   drqm/s  %drqm d_await dareq-sz     f/s f_await  aqu-sz  %util
loop0            0.00      0.00     0.00   0.00    0.00     0.00    0.00      0.00     0.00   0.00    0.00     0.00    0.00      0.00     0.00   0.00    0.00     0.00    0.00    0.00    0.00   0.00
loop1            0.00      0.00     0.00   0.00    0.00     0.00    0.00      0.00     0.00   0.00    0.00     0.00    0.00      0.00     0.00   0.00    0.00     0.00    0.00    0.00    0.00   0.00
loop10           0.00      0.00     0.00   0.00    0.00     0.00    0.00      0.00     0.00   0.00    0.00     0.00    0.00      0.00     0.00   0.00    0.00     0.00    0.00    0.00    0.00   0.00
loop11           0.00      0.00     0.00   0.00    0.00     0.00    0.00      0.00     0.00   0.00    0.00     0.00    0.00      0.00     0.00   0.00    0.00     0.00    0.00    0.00    0.00   0.00
loop12           0.00      0.00     0.00   0.00    0.00     0.00    0.00      0.00     0.00   0.00    0.00     0.00    0.00      0.00     0.00   0.00    0.00     0.00    0.00    0.00    0.00   0.00
loop13           0.00      0.00     0.00   0.00    0.00     0.00    0.00      0.00     0.00   0.00    0.00     0.00    0.00      0.00     0.00   0.00    0.00     0.00    0.00    0.00    0.00   0.00
loop14           0.00      0.00     0.00   0.00    0.00     0.00    0.00      0.00     0.00   0.00    0.00     0.00    0.00      0.00     0.00   0.00    0.00     0.00    0.00    0.00    0.00   0.00
loop15           0.00      0.00     0.00   0.00    0.00     0.00    0.00      0.00     0.00   0.00    0.00     0.00    0.00      0.00     0.00   0.00    0.00     0.00    0.00    0.00    0.00   0.00
loop16           0.00      0.00     0.00   0.00    0.00     0.00    0.00      0.00     0.00   0.00    0.00     0.00    0.00      0.00     0.00   0.00    0.00     0.00    0.00    0.00    0.00   0.00
loop17           0.00      0.00     0.00   0.00    0.00     0.00    0.00      0.00     0.00   0.00    0.00     0.00    0.00      0.00     0.00   0.00    0.00     0.00    0.00    0.00    0.00   0.00
loop18           0.00      0.00     0.00   0.00    0.00     0.00    0.00      0.00     0.00   0.00    0.00     0.00    0.00      0.00     0.00   0.00    0.00     0.00    0.00    0.00    0.00   0.00
loop19           0.00      0.00     0.00   0.00    0.00     0.00    0.00      0.00     0.00   0.00    0.00     0.00    0.00      0.00     0.00   0.00    0.00     0.00    0.00    0.00    0.00   0.00
loop2            0.00      0.00     0.00   0.00    0.00     0.00    0.00      0.00     0.00   0.00    0.00     0.00    0.00      0.00     0.00   0.00    0.00     0.00    0.00    0.00    0.00   0.00
loop20           0.00      0.00     0.00   0.00    0.00     0.00    0.00      0.00     0.00   0.00    0.00     0.00    0.00      0.00     0.00   0.00    0.00     0.00    0.00    0.00    0.00   0.00
loop21           0.00      0.00     0.00   0.00    0.00     0.00    0.00      0.00     0.00   0.00    0.00     0.00    0.00      0.00     0.00   0.00    0.00     0.00    0.00    0.00    0.00   0.00
loop3            0.00      0.00     0.00   0.00    0.00     0.00    0.00      0.00     0.00   0.00    0.00     0.00    0.00      0.00     0.00   0.00    0.00     0.00    0.00    0.00    0.00   0.00
loop4            0.00      0.00     0.00   0.00    0.00     0.00    0.00      0.00     0.00   0.00    0.00     0.00    0.00      0.00     0.00   0.00    0.00     0.00    0.00    0.00    0.00   0.00
loop5            0.00      0.00     0.00   0.00    0.00     0.00    0.00      0.00     0.00   0.00    0.00     0.00    0.00      0.00     0.00   0.00    0.00     0.00    0.00    0.00    0.00   0.00
loop6            0.00      0.00     0.00   0.00    0.00     0.00    0.00      0.00     0.00   0.00    0.00     0.00    0.00      0.00     0.00   0.00    0.00     0.00    0.00    0.00    0.00   0.00
loop7            0.00      0.00     0.00   0.00    0.00     0.00    0.00      0.00     0.00   0.00    0.00     0.00    0.00      0.00     0.00   0.00    0.00     0.00    0.00    0.00    0.00   0.00
loop8            0.00      0.00     0.00   0.00    0.00     0.00    0.00      0.00     0.00   0.00    0.00     0.00    0.00      0.00     0.00   0.00    0.00     0.00    0.00    0.00    0.00   0.00
loop9            0.00      0.00     0.00   0.00    0.00     0.00    0.00      0.00     0.00   0.00    0.00     0.00    0.00      0.00     0.00   0.00    0.00     0.00    0.00    0.00    0.00   0.00
nvme0n1         31.00   3732.00     0.00   0.00    0.23   120.39  101.00  10220.00   122.00  54.71    1.18   101.19    0.00      0.00     0.00   0.00    0.00     0.00    6.00    2.17    0.14   3.80



############ per-process major faults (top 15) ############
pid=9042 majflt=36 minflt=1969  /snap/firefox/8863/usr/lib/firefox/firefox 
pid=30300 majflt=0 minflt=1834  /usr/bin/bytedance-feishu-stable --force-renderer-accessibility 
pid=5657 majflt=1 minflt=1215  /usr/bin/wechat 
pid=5739 majflt=1 minflt=885  /opt/wechat/RadiumWMPF/runtime/WeChatAppEx --log-level=2 --lang=zh-CN --wechat-files-path=
pid=30411 majflt=0 minflt=874  /opt/bytedance/feishu/feishu --aha-process-t=aha-service --type=backend --task-jssdk-enabl
pid=10806 majflt=16871 minflt=711  node /home/CNS2026495165/.npm-global/bin/dsh web 
pid=4637 majflt=0 minflt=496  /usr/lib/x86_64-linux-gnu/webkit2gtk-4.1/WebKitWebProcess 26 23 25 
pid=6007 majflt=0 minflt=491  /opt/wechat/RadiumWMPF/runtime/WeChatAppEx --type=renderer --client_version=4067692808 --e
pid=90911 majflt=0 minflt=400  /home/CNS2026495165/.cache/ms-playwright/chromium_headless_shell-1148/chrome-linux/headles
pid=5775 majflt=0 minflt=363  /opt/wechat/RadiumWMPF/runtime/WeChatAppEx --type=gpu-process --no-sandbox --client_versio
pid=5495 majflt=0 minflt=359  /snap/snapd-desktop-integration/391/usr/bin/snapd-desktop-integration 
pid=4348 majflt=0 minflt=333  /usr/bin/cc-switch 
pid=30568 majflt=0 minflt=287  /proc/self/exe --type=renderer --string-annotations --enable-crash-reporter=, --change-sta
pid=4376 majflt=4 minflt=284  /usr/local/bin/LSDHelper 
pid=1569 majflt=688 minflt=253  /usr/lib/snapd/snapd 

############ swap activity / swappiness ############
60
zswap/zram:
zswap
NAME      TYPE SIZE USED PRIO
/swap.img file   8G   0B   -2

############ sar today (CPU history since boot) ############
总计 14812
drwxr-xr-x  2 root root      4096  9月 22 10:01 .
drwxrwxr-x 17 root syslog    4096  9月 22 10:02 ..
-rw-r--r--  1 root root    920392  9月 13 23:50 sa13
-rw-r--r--  1 root root    920392  9月 14 23:50 sa14
-rw-r--r--  1 root root    920392  9月 15 23:50 sa15
-rw-r--r--  1 root root    920392  9月 16 23:50 sa16
-rw-r--r--  1 root root    924952  9月 17 23:50 sa17
-rw-r--r--  1 root root    692744  9月 18 17:40 sa18
-rw-r--r--  1 root root    491884  9月 20 23:50 sa20
-rw-r--r--  1 root root    749256  9月 21 19:00 sa21
-rw-r--r--  1 root root     20516  9月 22 10:30 sa22
-rw-r--r--  1 root root   1540819  9月 14 00:07 sar13
-rw-r--r--  1 root root   1540821  9月 15 00:07 sar14
-rw-r--r--  1 root root   1540819  9月 16 00:07 sar15
-rw-r--r--  1 root root   1540819  9月 17 00:07 sar16
-rw-r--r--  1 root root   1546737  9月 18 00:07 sar17
-rw-r--r--  1 root root    821316  9月 21 00:07 sar20
Linux 6.14.0-27-generic (CNS202649516533) 	2026年09月22日 	_x86_64_	(32 CPU)

10时01分58秒  LINUX RESTART	(32 CPU)

10时10分21秒     CPU     %user     %nice   %system   %iowait    %steal     %idle
10时20分13秒     all      6.52      0.00      2.35      0.43      0.00     90.70
10时30分12秒     all      7.36      0.04      2.07      0.23      0.00     90.30
平均时间:     all      6.94      0.02      2.21      0.33      0.00     90.50
--- sar IO today ---
Linux 6.14.0-27-generic (CNS202649516533) 	2026年09月22日 	_x86_64_	(32 CPU)

10时01分58秒  LINUX RESTART	(32 CPU)

10时10分21秒       tps      rtps      wtps      dtps   bread/s   bwrtn/s   bdscd/s
10时20分13秒   1250.25    925.75    324.50      0.00  64859.51  58114.41      0.00
10时30分12秒    587.39    385.47    201.92      0.00  52530.82  32635.11      0.00
平均时间:    917.03    654.15    262.88      0.00  58661.82  45305.84      0.00
--- sar context switches today ---
Linux 6.14.0-27-generic (CNS202649516533) 	2026年09月22日 	_x86_64_	(32 CPU)

10时01分58秒  LINUX RESTART	(32 CPU)

10时10分21秒    proc/s   cswch/s
10时20分13秒     57.34  61957.34
10时30分12秒     59.26  54525.16
平均时间:     58.31  58221.15
