ambient 分段（每60s）：分钟  n   p50    p95    max    >=100ms  >=1000ms
   0   1009    5.4    31.1     144.1       2        0
   1   1005    5.3    32.1     200.9       3        0
   2    956    5.6    46.0     226.7       9        0
   3    905    6.0    56.3     363.9      14        0
   4    940    5.7    46.3     358.2      15        0
   5    769   20.2    73.2     462.1      20        0
   6    709   25.7    85.5     620.1      24        0
   7    514   39.0   259.6     956.3      85        0
   8    316   59.8   554.6    2571.7      97        7
   9    319   52.1   398.2   11620.0      67        8
  10    115   36.4   160.6   18611.5       9        3
  11    519   42.4   184.3    1290.4      93        2
  12    438   59.5   234.4    1846.9     125        1
  13    431   57.0   245.8    1129.6     125        2
  14    370   72.1   330.7    1842.9     132        2
10:11-10:18（前 7.5min）: n=4657 p50=5.6 p95=40.6 max=363.9 >=100ms=35
10:18-10:26（后 7.5min）: n=4658 p50=37.8 p95=214.8 max=18611.5 >=100ms=785
