============================================================================================
metrics#gfx.checkerboard.severity
  key_offset=60096 subtag=0x2 body_len=307
  nentries=0 consumed=5 trailing=302 bytes
  trailing: 00 00 00 00 00 00 40 12 00 00 00 00 00 00 04 00 00 00 00 00 00 00 02 00 00 00 00 00 00 00 01 00 00 00 00 00 00 00 08 00 00 00 00 00 00 00 02 00 00 00 00 00 00 00 0c 00 00 00 00 00 00 00 02 00 00 00 00 00 00 00 c2 2a 00 00 00 00 00 00 02 00 00 00 00 00 00 00 17 05 00 00 00 00 00 00 08 00 00 00 00 00 00 00 01 00 00 00 00 00 00 00 01 00 00 00 00 00 00 00 9b 00 00 00 00 00 00 00 02 00 00 00 00 00 00 00 2c 02 00 00 00 00 00 00 07 00 00 00 00 00 00 00 ef 1b 00 00 00 00 00 00 01 00 00 00 00 00 00 00 65 00 00 00 00 00 00 00 01 00 00 00 00 00 00 00 6b 01 00 00 00 00 00 00 06 00 00 00 00 00 00 00 ca 07 00 00 00 00 00 00 0a 00 00 00 00 00 00 00 53 03 00 00 00 00 00 00 06 00 00 00 00 00 00 00 ed 00 00 00 00 00 00 00 02 00 00 00 00 00 00 00 ec 0b 00 00 00 00 00 00 09 00 00 00 00 00 00 00 40 00 00 00 00 00 00 00 5f 2d 02 00 00 00 00 00 01 00 00 00 00 00 00 00 00 00 00 40 00 00 00 00 | last8 as f64 = 2.47e-322 | as u64 = 50
  trailing u32 pair (first 8 bytes): [0][306184192]
  non-zero buckets (lower_bound_ns -> count):
  TOTAL COUNT = 0
============================================================================================
metrics#gfx.checkerboard.duration
  key_offset=58724 subtag=0xb body_len=259
  nentries=0 consumed=5 trailing=254 bytes
  TIMING: bucket lower bounds == 2^floor(i/8) NANOSECONDS : CONFIRMED
  trailing: 00 00 00 00 00 00 8d 81 d5 01 00 00 00 00 09 00 00 00 00 00 00 00 cc 13 d4 02 00 00 00 00 09 00 00 00 00 00 00 00 c6 c0 ea 00 00 00 00 00 06 00 00 00 00 00 00 00 99 27 a8 05 00 00 00 00 02 00 00 00 00 00 00 00 e6 27 ba 06 00 00 00 00 02 00 00 00 00 00 00 00 00 00 00 04 00 00 00 00 01 00 00 00 00 00 00 00 00 00 00 02 00 00 00 00 01 00 00 00 00 00 00 00 37 06 56 07 00 00 00 00 01 00 00 00 00 00 00 00 00 00 00 10 00 00 00 00 01 00 00 00 00 00 00 00 33 4f 50 0b 00 00 00 00 01 00 00 00 00 00 00 00 1b 03 ab 03 00 00 00 00 03 00 00 00 00 00 00 00 42 e5 ac 18 00 00 00 00 01 00 00 00 00 00 00 00 82 bf c1 04 00 00 00 00 02 00 00 00 00 00 00 00 00 00 00 01 00 00 00 00 19 00 00 00 00 00 00 00 40 00 00 00 00 00 00 00 dc 4b ea bf 00 00 00 00 | last8 as f64 = 1.0905077326652577 | as u64 = 4607590029391122811
  trailing u32 pair (first 8 bytes): [0][2173501440]
  non-zero buckets (lower_bound_ns -> count):
  TOTAL COUNT = 0
============================================================================================
metrics#gfx.checkerboard.potential_duration
  key_offset=59448 subtag=0xb body_len=579
  nentries=0 consumed=5 trailing=574 bytes
  TIMING: bucket lower bounds == 2^floor(i/8) NANOSECONDS : CONFIRMED
  trailing: 00 00 00 00 00 00 05 7f 83 09 00 00 00 00 06 00 00 00 00 00 00 00 1b 03 ab 03 00 00 00 00 01 00 00 00 00 00 00 00 14 fc 0d 26 00 00 00 00 02 00 00 00 00 00 00 00 82 bf c1 04 00 00 00 00 01 00 00 00 00 00 00 00 78 70 e5 22 00 00 00 00 05 00 00 00 00 00 00 00 00 00 00 20 00 00 00 00 01 00 00 00 00 00 00 00 a1 72 56 0c 00 00 00 00 4d 00 00 00 00 00 00 00 37 06 56 07 00 00 00 00 06 00 00 00 00 00 00 00 a9 d6 fe a5 00 00 00 00 01 00 00 00 00 00 00 00 00 00 00 10 00 00 00 00 02 00 00 00 00 00 00 00 08 95 b3 62 00 00 00 00 01 00 00 00 00 00 00 00 6e 0c ac 0e 00 00 00 00 21 00 00 00 00 00 00 00 32 3f d1 35 00 00 00 00 02 00 00 00 00 00 00 00 33 4f 50 0b 00 00 00 00 0e 00 00 00 00 00 00 00 99 27 a8 05 00 00 00 00 04 00 00 00 00 00 00 00 1e 5c b9 08 00 00 00 00 09 00 00 00 00 00 00 00 0a fe 06 13 00 00 00 00 0d 00 00 00 00 00 00 00 6a ed 5f 0a 00 00 00 00 09 00 00 00 00 00 00 00 99 9f e8 1a 00 00 00 00 03 00 00 00 00 00 00 00 00 00 00 01 00 00 00 00 02 00 00 00 00 00 00 00 99 79 82 5a 00 00 00 00 01 00 00 00 00 00 00 00 b9 31 b0 3a 00 00 00 00 01 00 00 00 00 00 00 00 f1 e0 ca 45 00 00 00 00 01 00 00 00 00 00 00 00 dc 18 58 1d 00 00 00 00 08 00 00 00 00 00 00 00 aa b5 7f 29 00 00 00 00 07 00 00 00 00 00 00 00 42 e5 ac 18 00 00 00 00 0f 00 00 00 00 00 00 00 3c b8 72 11 00 00 00 00 17 00 00 00 00 00 00 00 84 ca 59 31 00 00 00 00 07 00 00 00 00 00 00 00 e6 27 ba 06 00 00 00 00 07 00 00 00 00 00 00 00 cc 4f 74 0d 00 00 00 00 12 00 00 00 00 00 00 00 cc 3c 41 2d 00 00 00 00 02 00 00 00 00 00 00 00 00 00 00 04 00 00 00 00 03 00 00 00 00 00 00 00 66 9e a0 16 00 00 00 00 09 00 00 00 00 00 00 00 d5 da bf 14 00 00 00 00 0e 00 00 00 00 00 00 00 34 01 00 00 00 00 00 00 e8 4e 04 1b 17 00 00 00 | last8 as f64 = 1.0905077326652577 | as u64 = 4607590029391122811
  trailing u32 pair (first 8 bytes): [0][2131034112]
  non-zero buckets (lower_bound_ns -> count):
  TOTAL COUNT = 0
============================================================================================
metrics#gfx.checkerboard.peak_pixel_count
  key_offset=59042 subtag=0x2 body_len=339
  nentries=0 consumed=5 trailing=334 bytes
  trailing: 00 00 00 00 00 00 b0 36 00 00 00 00 00 00 04 00 00 00 00 00 00 00 33 1a 00 00 00 00 00 00 03 00 00 00 00 00 00 00 3e 3c 0c 00 00 00 00 00 02 00 00 00 00 00 00 00 c8 ce 02 00 00 00 00 00 09 00 00 00 00 00 00 00 e8 77 08 00 00 00 00 00 05 00 00 00 00 00 00 00 53 58 01 00 00 00 00 00 01 00 00 00 00 00 00 00 8d 0c 00 00 00 00 00 00 01 00 00 00 00 00 00 00 83 0e 04 00 00 00 00 00 09 00 00 00 00 00 00 00 da 25 00 00 00 00 00 00 01 00 00 00 00 00 00 00 77 dc 05 00 00 00 00 00 01 00 00 00 00 00 00 00 7d f1 01 00 00 00 00 00 07 00 00 00 00 00 00 00 f2 a4 00 00 00 00 00 00 04 00 00 00 00 00 00 00 2a 72 00 00 00 00 00 00 06 00 00 00 00 00 00 00 03 06 00 00 00 00 00 00 01 00 00 00 00 00 00 00 e1 02 00 00 00 00 00 00 01 00 00 00 00 00 00 00 29 04 00 00 00 00 00 00 01 00 00 00 00 00 00 00 04 4f 00 00 00 00 00 00 04 00 00 00 00 00 00 00 51 ee 00 00 00 00 00 00 04 00 00 00 00 00 00 00 40 00 00 00 00 00 00 00 1e 54 c5 00 00 00 00 00 01 00 00 00 00 00 00 00 00 80 f4 03 00 00 00 00 | last8 as f64 = 2.47e-322 | as u64 = 50
  trailing u32 pair (first 8 bytes): [0][917504000]
  non-zero buckets (lower_bound_ns -> count):
  TOTAL COUNT = 0
============================================================================================
metrics#gfx.composite_time
  key_offset=61077 subtag=0xb body_len=947
  nentries=0 consumed=5 trailing=942 bytes
  TIMING: bucket lower bounds == 2^floor(i/8) NANOSECONDS : CONFIRMED
  trailing: 00 00 00 00 00 00 00 00 20 00 00 00 00 00 ed 04 00 00 00 00 00 00 ca 59 31 00 00 00 00 00 e1 00 00 00 00 00 00 00 1b 03 ab 03 00 00 00 00 1f 00 00 00 00 00 00 00 83 2b 17 01 00 00 00 00 a2 00 00 00 00 00 00 00 e0 6f 30 01 00 00 00 00 a3 00 00 00 00 00 00 00 8d 81 d5 01 00 00 00 00 11 01 00 00 00 00 00 00 f9 89 ae 01 00 00 00 00 d3 00 00 00 00 00 00 00 b8 72 11 00 00 00 00 00 42 40 00 00 00 00 00 00 cc 13 d4 02 00 00 00 00 90 00 00 00 00 00 00 00 f3 04 b5 00 00 00 00 00 5a 00 00 00 00 00 00 00 3c 41 2d 00 00 00 00 00 22 01 00 00 00 00 00 00 0f ae 5c 04 00 00 00 00 24 00 00 00 00 00 00 00 da bf 14 00 00 00 00 00 f3 21 00 00 00 00 00 00 00 00 00 01 00 00 00 00 75 00 00 00 00 00 00 00 b5 7f 29 00 00 00 00 00 a4 01 00 00 00 00 00 00 f0 37 98 00 00 00 00 00 6a 00 00 00 00 00 00 00 3f d1 35 00 00 00 00 00 c0 00 00 00 00 00 00 00 31 b0 3a 00 00 00 00 00 97 00 00 00 00 00 00 00 ad fd 4b 01 00 00 00 00 b5 00 00 00 00 00 00 00 95 b3 62 00 00 00 00 00 ca 00 00 00 00 00 00 00 9e a0 16 00 00 00 00 00 0d 16 00 00 00 00 00 00 e5 ac 18 00 00 00 00 00 9f 0e 00 00 00 00 00 00 fc 44 d7 00 00 00 00 00 74 00 00 00 00 00 00 00 70 e5 22 00 00 00 00 00 54 03 00 00 00 00 00 00 f3 13 5d 03 00 00 00 00 39 00 00 00 00 00 00 00 6b ff 52 00 00 00 00 00 3a 01 00 00 00 00 00 00 07 57 2e 02 00 00 00 00 d9 00 00 00 00 00 00 00 54 ce 8a 01 00 00 00 00 d2 00 00 00 00 00 00 00 50 39 2b 06 00 00 00 00 a7 00 00 00 00 00 00 00 18 58 1d 00 00 00 00 00 41 07 00 00 00 00 00 00 00 00 80 00 00 00 00 00 71 00 00 00 00 00 00 00 d6 fe a5 00 00 00 00 00 71 00 00 00 00 00 00 00 79 82 5a 00 00 00 00 00 e5 00 00 00 00 00 00 00 00 00 00 02 00 00 00 00 01 01 00 00 00 00 00 00 c1 95 8b 00 00 00 00 00 8d 00 00 00 00 00 00 00 fc 0d 26 00 00 00 00 00 19 02 00 00 00 00 00 00 00 00 10 00 00 00 00 00 6b 48 00 00 00 00 00 00 00 00 00 04 00 00 00 00 26 00 00 00 00 00 00 00 00 00 40 00 00 00 00 00 a8 00 00 00 00 00 00 00 f8 1b 4c 00 00 00 00 00 75 01 00 00 00 00 00 00 63 60 75 00 00 00 00 00 85 00 00 00 00 00 00 00 e6 27 ba 06 00 00 00 00 71 00 00 00 00 00 00 00 c1 df 60 02 00 00 00 00 b8 00 00 00 00 00 00 00 0c ac 0e 00 00 00 00 00 8e 26 02 00 00 00 00 00 99 27 a8 05 00 00 00 00 3d 00 00 00 00 00 00 00 2a 67 c5 00 00 00 00 00 5c 00 00 00 00 00 00 00 9f e8 1a 00 00 00 00 00 08 0a 00 00 00 00 00 00 e0 ca 45 00 00 00 00 00 55 01 00 00 00 00 00 00 fe 06 13 00 00 00 00 00 f1 31 00 00 00 00 00 00 7e a2 6b 00 00 00 00 00 ae 00 00 00 00 00 00 00 b5 f6 2f 05 00 00 00 00 21 00 00 00 00 00 00 00 82 bf c1 04 00 00 00 00 21 00 00 00 00 00 00 00 37 06 56 07 00 00 00 00 0e 00 00 00 00 00 00 00 5a fb 97 02 00 00 00 00 95 00 00 00 00 00 00 00 e6 09 6a 01 00 00 00 00 b0 00 00 00 00 00 00 00 c6 c0 ea 00 00 00 00 00 79 00 00 00 00 00 00 00 a8 9c 15 03 00 00 00 00 4b 00 00 00 00 00 00 00 94 5f 03 00 00 00 00 00 df 00 9c a2 5d 00 00 00 | last8 as f64 = 1.0905077326652577 | as u64 = 4607590029391122811
  trailing u32 pair (first 8 bytes): [0][0]
  non-zero buckets (lower_bound_ns -> count):
  TOTAL COUNT = 0
============================================================================================
metrics#gfx.composite_frame_roundtrip_time
  key_offset=60462 subtag=0xb body_len=547
  nentries=0 consumed=5 trailing=542 bytes
  TIMING: bucket lower bounds == 2^floor(i/8) NANOSECONDS : CONFIRMED
  trailing: 00 00 00 00 00 00 00 00 00 02 00 00 00 00 04 00 00 00 00 00 00 00 b5 7f 29 00 00 00 00 00 02 00 00 00 00 00 00 00 3c 41 2d 00 00 00 00 00 01 00 00 00 00 00 00 00 3f d1 35 00 00 00 00 00 04 00 00 00 00 00 00 00 83 2b 17 01 00 00 00 00 02 00 00 00 00 00 00 00 7e a2 6b 00 00 00 00 00 01 00 00 00 00 00 00 00 d6 fe a5 00 00 00 00 00 01 00 00 00 00 00 00 00 0c ac 0e 00 00 00 00 00 b4 63 03 00 00 00 00 00 18 58 1d 00 00 00 00 00 01 00 00 00 00 00 00 00 e0 ca 45 00 00 00 00 00 03 00 00 00 00 00 00 00 70 e5 22 00 00 00 00 00 01 00 00 00 00 00 00 00 0f ae 5c 04 00 00 00 00 01 00 00 00 00 00 00 00 54 ce 8a 01 00 00 00 00 03 00 00 00 00 00 00 00 95 b3 62 00 00 00 00 00 02 00 00 00 00 00 00 00 e0 6f 30 01 00 00 00 00 02 00 00 00 00 00 00 00 fc 0d 26 00 00 00 00 00 01 00 00 00 00 00 00 00 b8 72 11 00 00 00 00 00 01 00 00 00 00 00 00 00 00 00 00 01 00 00 00 00 01 00 00 00 00 00 00 00 f3 13 5d 03 00 00 00 00 02 00 00 00 00 00 00 00 f0 37 98 00 00 00 00 00 01 00 00 00 00 00 00 00 00 00 00 08 00 00 00 00 01 00 00 00 00 00 00 00 00 00 40 00 00 00 00 00 01 00 00 00 00 00 00 00 ad fd 4b 01 00 00 00 00 01 00 00 00 00 00 00 00 c6 c0 ea 00 00 00 00 00 04 00 00 00 00 00 00 00 e6 27 ba 06 00 00 00 00 01 00 00 00 00 00 00 00 9f e8 1a 00 00 00 00 00 01 00 00 00 00 00 00 00 63 60 75 00 00 00 00 00 01 00 00 00 00 00 00 00 a8 9c 15 03 00 00 00 00 01 00 00 00 00 00 00 00 07 57 2e 02 00 00 00 00 01 00 00 00 00 00 00 00 fc 44 d7 00 00 00 00 00 02 00 00 00 00 00 00 00 99 27 a8 05 00 00 00 00 01 00 00 00 00 00 00 00 e6 09 6a 01 00 00 00 00 01 00 00 00 00 00 00 00 e6 63 03 00 00 00 00 00 c9 9b 70 ff 33 00 00 00 | last8 as f64 = 1.0905077326652577 | as u64 = 4607590029391122811
  trailing u32 pair (first 8 bytes): [0][0]
  non-zero buckets (lower_bound_ns -> count):
  TOTAL COUNT = 0
============================================================================================
metrics#gfx.scroll_present_latency
  key_offset=70960 subtag=0xb body_len=355
  nentries=0 consumed=5 trailing=350 bytes
  TIMING: bucket lower bounds == 2^floor(i/8) NANOSECONDS : CONFIRMED
  trailing: 00 00 00 00 00 00 00 00 00 02 00 00 00 00 96 01 00 00 00 00 00 00 70 e5 22 00 00 00 00 00 01 00 00 00 00 00 00 00 cc 13 d4 02 00 00 00 00 01 00 00 00 00 00 00 00 82 bf c1 04 00 00 00 00 01 00 00 00 00 00 00 00 cc 4f 74 0d 00 00 00 00 04 00 00 00 00 00 00 00 83 2b 17 01 00 00 00 00 24 00 00 00 00 00 00 00 e0 6f 30 01 00 00 00 00 6a 00 00 00 00 00 00 00 b5 7f 29 00 00 00 00 00 01 00 00 00 00 00 00 00 fc 0d 26 00 00 00 00 00 01 00 00 00 00 00 00 00 ad fd 4b 01 00 00 00 00 80 00 00 00 00 00 00 00 f3 13 5d 03 00 00 00 00 01 00 00 00 00 00 00 00 c1 df 60 02 00 00 00 00 02 00 00 00 00 00 00 00 00 00 00 01 00 00 00 00 02 00 00 00 00 00 00 00 f9 89 ae 01 00 00 00 00 0b 01 00 00 00 00 00 00 54 ce 8a 01 00 00 00 00 c6 00 00 00 00 00 00 00 a1 72 56 0c 00 00 00 00 03 00 00 00 00 00 00 00 8d 81 d5 01 00 00 00 00 65 01 00 00 00 00 00 00 e6 09 6a 01 00 00 00 00 8d 00 00 00 00 00 00 00 6a ed 5f 0a 00 00 00 00 01 00 00 00 00 00 00 00 07 57 2e 02 00 00 00 00 39 00 00 00 00 00 00 00 b2 06 00 00 00 00 00 00 ba 74 1d 37 0c 00 00 00 | last8 as f64 = 1.0905077326652577 | as u64 = 4607590029391122811
  trailing u32 pair (first 8 bytes): [0][0]
  non-zero buckets (lower_bound_ns -> count):
  TOTAL COUNT = 0
============================================================================================
metrics#gfx.content.frame_time.from_vsync
  key_offset=62754 subtag=0x3 body_len=1539
  nentries=0 consumed=5 trailing=1534 bytes
  trailing: 00 00 00 00 00 00 d0 00 00 00 00 00 00 00 ff 00 00 00 00 00 00 00 60 00 00 00 00 00 00 00 2d 9c 00 00 00 00 00 00 a0 00 00 00 00 00 00 00 59 00 00 00 00 00 00 00 50 01 00 00 00 00 00 00 17 00 00 00 00 00 00 00 98 01 00 00 00 00 00 00 0f 00 00 00 00 00 00 00 18 02 00 00 00 00 00 00 09 00 00 00 00 00 00 00 90 01 00 00 00 00 00 00 0f 00 00 00 00 00 00 00 b8 00 00 00 00 00 00 00 29 00 00 00 00 00 00 00 88 02 00 00 00 00 00 00 08 00 00 00 00 00 00 00 18 03 00 00 00 00 00 00 07 01 00 00 00 00 00 00 08 00 00 00 00 00 00 00 03 00 00 00 00 00 00 00 e0 02 00 00 00 00 00 00 0a 00 00 00 00 00 00 00 b8 02 00 00 00 00 00 00 09 00 00 00 00 00 00 00 68 01 00 00 00 00 00 00 0d 00 00 00 00 00 00 00 60 02 00 00 00 00 00 00 17 00 00 00 00 00 00 00 78 01 00 00 00 00 00 00 13 00 00 00 00 00 00 00 48 02 00 00 00 00 00 00 13 00 00 00 00 00 00 00 f8 02 00 00 00 00 00 00 1c 00 00 00 00 00 00 00 40 01 00 00 00 00 00 00 16 00 00 00 00 00 00 00 e0 00 00 00 00 00 00 00 35 00 00 00 00 00 00 00 f8 01 00 00 00 00 00 00 06 00 00 00 00 00 00 00 e8 01 00 00 00 00 00 00 09 00 00 00 00 00 00 00 d0 01 00 00 00 00 00 00 0e 00 00 00 00 00 00 00 f0 02 00 00 00 00 00 00 0e 00 00 00 00 00 00 00 18 01 00 00 00 00 00 00 26 00 00 00 00 00 00 00 10 01 00 00 00 00 00 00 18 00 00 00 00 00 00 00 88 01 00 00 00 00 00 00 15 00 00 00 00 00 00 00 38 01 00 00 00 00 00 00 2d 00 00 00 00 00 00 00 c0 00 00 00 00 00 00 00 2d 00 00 00 00 00 00 00 c8 00 00 00 00 00 00 00 15 01 00 00 00 00 00 00 c0 01 00 00 00 00 00 00 0d 00 00 00 00 00 00 00 20 01 00 00 00 00 00 00 1a 00 00 00 00 00 00 00 20 02 00 00 00 00 00 00 09 00 00 00 00 00 00 00 b8 01 00 00 00 00 00 00 0b 00 00 00 00 00 00 00 f0 01 00 00 00 00 00 00 10 00 00 00 00 00 00 00 e0 01 00 00 00 00 00 00 06 00 00 00 00 00 00 00 78 02 00 00 00 00 00 00 0b 00 00 00 00 00 00 00 68 02 00 00 00 00 00 00 0c 00 00 00 00 00 00 00 e8 00 00 00 00 00 00 00 38 00 00 00 00 00 00 00 70 00 00 00 00 00 00 00 b8 1f 00 00 00 00 00 00 b0 01 00 00 00 00 00 00 0b 00 00 00 00 00 00 00 d8 02 00 00 00 00 00 00 0d 00 00 00 00 00 00 00 80 01 00 00 00 00 00 00 0d 00 00 00 00 00 00 00 70 01 00 00 00 00 00 00 13 00 00 00 00 00 00 00 60 01 00 00 00 00 00 00 13 00 00 00 00 00 00 00 58 01 00 00 00 00 00 00 14 00 00 00 00 00 00 00 70 02 00 00 00 00 00 00 0d 00 00 00 00 00 00 00 98 02 00 00 00 00 00 00 08 00 00 00 00 00 00 00 10 00 00 00 00 00 00 00 13 00 00 00 00 00 00 00 d8 01 00 00 00 00 00 00 0a 00 00 00 00 00 00 00 c8 01 00 00 00 00 00 00 0b 00 00 00 00 00 00 00 f8 00 00 00 00 00 00 00 20 00 00 00 00 00 00 00 18 00 00 00 00 00 00 00 06 00 00 00 00 00 00 00 10 03 00 00 00 00 00 00 0d 00 00 00 00 00 00 00 00 03 00 00 00 00 00 00 0d 00 00 00 00 00 00 00 98 00 00 00 00 00 00 00 90 00 00 00 00 00 00 00 08 01 00 00 00 00 00 00 27 00 00 00 00 00 00 00 88 00 00 00 00 00 00 00 66 01 00 00 00 00 00 00 90 02 00 00 00 00 00 00 16 00 00 00 00 00 00 00 c0 02 00 00 00 00 00 00 0e 00 00 00 00 00 00 00 a0 02 00 00 00 00 00 00 09 00 00 00 00 00 00 00 40 02 00 00 00 00 00 00 13 00 00 00 00 00 00 00 78 00 00 00 00 00 00 00 a7 02 00 00 00 00 00 00 00 01 00 00 00 00 00 00 26 00 00 00 00 00 00 00 80 02 00 00 00 00 00 00 0b 00 00 00 00 00 00 00 50 02 00 00 00 00 00 00 16 00 00 00 00 00 00 00 a8 00 00 00 00 00 00 00 3b 00 00 00 00 00 00 00 68 00 00 00 00 00 00 00 14 76 01 00 00 00 00 00 28 01 00 00 00 00 00 00 29 00 00 00 00 00 00 00 d0 02 00 00 00 00 00 00 17 00 00 00 00 00 00 00 f0 00 00 00 00 00 00 00 27 00 00 00 00 00 00 00 20 00 00 00 00 00 00 00 01 00 00 00 00 00 00 00 58 02 00 00 00 00 00 00 09 00 00 00 00 00 00 00 c8 02 00 00 00 00 00 00 0d 00 00 00 00 00 00 00 08 03 00 00 00 00 00 00 15 00 00 00 00 00 00 00 90 00 00 00 00 00 00 00 d1 00 00 00 00 00 00 00 28 00 00 00 00 00 00 00 01 00 00 00 00 00 00 00 48 01 00 00 00 00 00 00 16 00 00 00 00 00 00 00 30 02 00 00 00 00 00 00 0d 00 00 00 00 00 00 00 38 02 00 00 00 00 00 00 0f 00 00 00 00 00 00 00 80 00 00 00 00 00 00 00 3b 02 00 00 00 00 00 00 b0 02 00 00 00 00 00 00 09 00 00 00 00 00 00 00 08 02 00 00 00 00 00 00 08 00 00 00 00 00 00 00 10 02 00 00 00 00 00 00 0b 00 00 00 00 00 00 00 b0 00 00 00 00 00 00 00 30 00 00 00 00 00 00 00 a8 02 00 00 00 00 00 00 07 00 00 00 00 00 00 00 a8 01 00 00 00 00 00 00 0f 00 00 00 00 00 00 00 30 01 00 00 00 00 00 00 25 00 00 00 00 00 00 00 d8 00 00 00 00 00 00 00 4b 00 00 00 00 00 00 00 a0 01 00 00 00 00 00 00 1b 00 00 00 00 00 00 00 e8 02 00 00 00 00 00 00 11 00 00 00 00 00 00 00 00 02 00 00 00 00 00 00 09 00 00 00 00 00 00 00 28 02 00 00 00 00 00 00 12 00 00 00 00 00 00 00 68 43 02 00 00 00 00 00 5a 2c fd 00 00 00 00 00 08 00 00 00 00 00 00 00 18 03 00 00 00 00 00 00 | last8 as f64 = 4.94e-322 | as u64 = 100
  trailing u32 pair (first 8 bytes): [0][13631488]
  non-zero buckets (lower_bound_ns -> count):
  TOTAL COUNT = 0
============================================================================================
metrics#gfx.content.frame_time.from_paint
  key_offset=62076 subtag=0x2 body_len=611
  nentries=0 consumed=5 trailing=606 bytes
  trailing: 00 00 00 00 00 00 0d 00 00 00 00 00 00 00 1b 00 00 00 00 00 00 00 23 04 00 00 00 00 00 00 2e 00 00 00 00 00 00 00 22 00 00 00 00 00 00 00 7f 00 00 00 00 00 00 00 e7 01 00 00 00 00 00 00 26 00 00 00 00 00 00 00 65 01 00 00 00 00 00 00 80 00 00 00 00 00 00 00 8c 00 00 00 00 00 00 00 a1 01 00 00 00 00 00 00 78 00 00 00 00 00 00 00 b1 04 00 00 00 00 00 00 d5 04 00 00 00 00 00 00 06 00 00 00 00 00 00 00 a1 01 00 00 00 00 00 00 30 00 00 00 00 00 00 00 2f 00 00 00 00 00 00 00 c6 01 00 00 00 00 00 00 09 03 00 00 00 00 00 00 2e 00 00 00 00 00 00 00 99 02 00 00 00 00 00 00 a9 00 00 00 00 00 00 00 1d 00 00 00 00 00 00 00 63 00 00 00 00 00 00 00 15 00 00 00 00 00 00 00 6b 00 00 00 00 00 00 00 08 00 00 00 00 00 00 00 03 00 00 00 00 00 00 00 39 02 00 00 00 00 00 00 52 00 00 00 00 00 00 00 c0 00 00 00 00 00 00 00 2f 01 00 00 00 00 00 00 32 01 00 00 00 00 00 00 cf 00 00 00 00 00 00 00 28 00 00 00 00 00 00 00 e1 00 00 00 00 00 00 00 58 00 00 00 00 00 00 00 49 23 01 00 00 00 00 00 e0 00 00 00 00 00 00 00 fc 00 00 00 00 00 00 00 06 01 00 00 00 00 00 00 e7 00 00 00 00 00 00 00 06 00 00 00 00 00 00 00 01 00 00 00 00 00 00 00 a4 00 00 00 00 00 00 00 e3 00 00 00 00 00 00 00 09 00 00 00 00 00 00 00 06 00 00 00 00 00 00 00 37 00 00 00 00 00 00 00 57 03 00 00 00 00 00 00 4b 00 00 00 00 00 00 00 1f 1c 00 00 00 00 00 00 8b 03 00 00 00 00 00 00 4e 00 00 00 00 00 00 00 07 00 00 00 00 00 00 00 01 00 00 00 00 00 00 00 19 00 00 00 00 00 00 00 46 00 00 00 00 00 00 00 0f 00 00 00 00 00 00 00 65 00 00 00 00 00 00 00 0b 00 00 00 00 00 00 00 0c 00 00 00 00 00 00 00 67 00 00 00 00 00 00 00 35 e8 00 00 00 00 00 00 12 00 00 00 00 00 00 00 6e 00 00 00 00 00 00 00 40 00 00 00 00 00 00 00 6d 09 00 00 00 00 00 00 37 47 02 00 00 00 00 00 d5 16 ea 00 00 00 00 00 01 00 00 00 00 00 00 00 88 13 00 00 00 00 00 00 | last8 as f64 = 2.47e-322 | as u64 = 50
  trailing u32 pair (first 8 bytes): [0][851968]
  non-zero buckets (lower_bound_ns -> count):
  TOTAL COUNT = 0
============================================================================================
metrics#gfx.content.frame_time.with_svg
  key_offset=65048 subtag=0x2 body_len=467
  nentries=0 consumed=5 trailing=462 bytes
  trailing: 00 00 00 00 00 00 c0 00 00 00 00 00 00 00 78 02 00 00 00 00 00 00 0f 00 00 00 00 00 00 00 03 00 00 00 00 00 00 00 06 01 00 00 00 00 00 00 ae 00 00 00 00 00 00 00 32 01 00 00 00 00 00 00 a7 00 00 00 00 00 00 00 09 03 00 00 00 00 00 00 73 00 00 00 00 00 00 00 58 00 00 00 00 00 00 00 9b 70 00 00 00 00 00 00 65 01 00 00 00 00 00 00 7a 00 00 00 00 00 00 00 67 00 00 00 00 00 00 00 06 c0 01 00 00 00 00 00 d5 04 00 00 00 00 00 00 0e 00 00 00 00 00 00 00 e7 01 00 00 00 00 00 00 37 00 00 00 00 00 00 00 19 00 00 00 00 00 00 00 03 00 00 00 00 00 00 00 a4 00 00 00 00 00 00 00 b6 00 00 00 00 00 00 00 e0 00 00 00 00 00 00 00 cd 00 00 00 00 00 00 00 99 02 00 00 00 00 00 00 a0 00 00 00 00 00 00 00 1d 00 00 00 00 00 00 00 03 00 00 00 00 00 00 00 8c 00 00 00 00 00 00 00 0f 02 00 00 00 00 00 00 12 00 00 00 00 00 00 00 09 00 00 00 00 00 00 00 0b 00 00 00 00 00 00 00 01 00 00 00 00 00 00 00 78 00 00 00 00 00 00 00 a4 05 00 00 00 00 00 00 23 04 00 00 00 00 00 00 48 00 00 00 00 00 00 00 a5 05 00 00 00 00 00 00 02 00 00 00 00 00 00 00 8b 03 00 00 00 00 00 00 47 00 00 00 00 00 00 00 28 00 00 00 00 00 00 00 01 00 00 00 00 00 00 00 15 00 00 00 00 00 00 00 08 00 00 00 00 00 00 00 a1 01 00 00 00 00 00 00 5a 00 00 00 00 00 00 00 39 02 00 00 00 00 00 00 59 00 00 00 00 00 00 00 d6 40 02 00 00 00 00 00 20 3f fa 00 00 00 00 00 01 00 00 00 00 00 00 00 88 13 00 00 00 00 00 00 | last8 as f64 = 2.47e-322 | as u64 = 50
  trailing u32 pair (first 8 bytes): [0][12582912]
  non-zero buckets (lower_bound_ns -> count):
  TOTAL COUNT = 0
============================================================================================
metrics#gfx.content.frame_time.without_resource_upload
  key_offset=65580 subtag=0x2 body_len=483
  nentries=0 consumed=5 trailing=478 bytes
  trailing: 00 00 00 00 00 00 a5 05 00 00 00 00 00 00 04 00 00 00 00 00 00 00 0b 00 00 00 00 00 00 00 04 00 00 00 00 00 00 00 39 02 00 00 00 00 00 00 70 01 00 00 00 00 00 00 1d 00 00 00 00 00 00 00 06 00 00 00 00 00 00 00 28 00 00 00 00 00 00 00 02 00 00 00 00 00 00 00 23 04 00 00 00 00 00 00 96 00 00 00 00 00 00 00 06 01 00 00 00 00 00 00 6c 01 00 00 00 00 00 00 a1 01 00 00 00 00 00 00 e0 00 00 00 00 00 00 00 67 00 00 00 00 00 00 00 f8 81 03 00 00 00 00 00 09 03 00 00 00 00 00 00 f4 00 00 00 00 00 00 00 78 00 00 00 00 00 00 00 76 0b 00 00 00 00 00 00 a4 00 00 00 00 00 00 00 78 01 00 00 00 00 00 00 d5 04 00 00 00 00 00 00 1e 00 00 00 00 00 00 00 99 02 00 00 00 00 00 00 74 01 00 00 00 00 00 00 c0 00 00 00 00 00 00 00 18 05 00 00 00 00 00 00 58 00 00 00 00 00 00 00 fa e1 00 00 00 00 00 00 32 01 00 00 00 00 00 00 5c 01 00 00 00 00 00 00 8c 00 00 00 00 00 00 00 3e 04 00 00 00 00 00 00 12 00 00 00 00 00 00 00 12 00 00 00 00 00 00 00 09 00 00 00 00 00 00 00 02 00 00 00 00 00 00 00 15 00 00 00 00 00 00 00 10 00 00 00 00 00 00 00 19 00 00 00 00 00 00 00 06 00 00 00 00 00 00 00 e7 01 00 00 00 00 00 00 de 00 00 00 00 00 00 00 e0 00 00 00 00 00 00 00 a6 01 00 00 00 00 00 00 8b 03 00 00 00 00 00 00 a4 00 00 00 00 00 00 00 65 01 00 00 00 00 00 00 fe 00 00 00 00 00 00 00 0f 00 00 00 00 00 00 00 06 00 00 00 00 00 00 00 d0 86 04 00 00 00 00 00 b4 58 fa 01 00 00 00 00 01 00 00 00 00 00 00 00 88 13 00 00 00 00 00 00 | last8 as f64 = 2.47e-322 | as u64 = 50
  trailing u32 pair (first 8 bytes): [0][94699520]
  non-zero buckets (lower_bound_ns -> count):
  TOTAL COUNT = 0
============================================================================================
metrics#gfx.content.paint_time
  key_offset=68053 subtag=0xb body_len=499
  nentries=0 consumed=5 trailing=494 bytes
  TIMING: bucket lower bounds == 2^floor(i/8) NANOSECONDS : CONFIRMED
  trailing: 00 00 00 00 00 00 00 00 20 00 00 00 00 00 07 2f 00 00 00 00 00 00 07 57 2e 02 00 00 00 00 01 00 00 00 00 00 00 00 63 60 75 00 00 00 00 00 0a 00 00 00 00 00 00 00 b5 7f 29 00 00 00 00 00 c9 23 00 00 00 00 00 00 00 00 10 00 00 00 00 00 1c 23 00 00 00 00 00 00 9f e8 1a 00 00 00 00 00 9c 26 00 00 00 00 00 00 e0 ca 45 00 00 00 00 00 8f 02 00 00 00 00 00 00 00 00 40 00 00 00 00 00 e0 04 00 00 00 00 00 00 70 e5 22 00 00 00 00 00 01 2f 00 00 00 00 00 00 3c 41 2d 00 00 00 00 00 f2 1c 00 00 00 00 00 00 c1 df 60 02 00 00 00 00 02 00 00 00 00 00 00 00 3f d1 35 00 00 00 00 00 2c 0e 00 00 00 00 00 00 31 b0 3a 00 00 00 00 00 81 08 00 00 00 00 00 00 95 b3 62 00 00 00 00 00 1d 00 00 00 00 00 00 00 fe 06 13 00 00 00 00 00 8b 21 00 00 00 00 00 00 b8 72 11 00 00 00 00 00 bb 24 00 00 00 00 00 00 00 00 80 00 00 00 00 00 01 00 00 00 00 00 00 00 e5 ac 18 00 00 00 00 00 f5 20 00 00 00 00 00 00 7e a2 6b 00 00 00 00 00 0d 00 00 00 00 00 00 00 d6 fe a5 00 00 00 00 00 01 00 00 00 00 00 00 00 da bf 14 00 00 00 00 00 ea 1d 00 00 00 00 00 00 0c ac 0e 00 00 00 00 00 3f 2a 00 00 00 00 00 00 18 58 1d 00 00 00 00 00 79 2c 00 00 00 00 00 00 fc 0d 26 00 00 00 00 00 57 29 00 00 00 00 00 00 79 82 5a 00 00 00 00 00 50 00 00 00 00 00 00 00 ca 59 31 00 00 00 00 00 d3 14 00 00 00 00 00 00 f8 1b 4c 00 00 00 00 00 5c 01 00 00 00 00 00 00 6b ff 52 00 00 00 00 00 9c 00 00 00 00 00 00 00 9e a0 16 00 00 00 00 00 4e 1e 00 00 00 00 00 00 6d 41 02 00 00 00 00 00 3a 87 36 14 47 00 00 00 | last8 as f64 = 1.0905077326652577 | as u64 = 4607590029391122811
  trailing u32 pair (first 8 bytes): [0][0]
  non-zero buckets (lower_bound_ns -> count):
  TOTAL COUNT = 0
============================================================================================
metrics#gfx.content.full_paint_time
  key_offset=66143 subtag=0xb body_len=947
  nentries=0 consumed=5 trailing=942 bytes
  TIMING: bucket lower bounds == 2^floor(i/8) NANOSECONDS : CONFIRMED
  trailing: 00 00 00 00 00 00 63 60 75 00 00 00 00 00 9a 00 00 00 00 00 00 00 b5 7f 29 00 00 00 00 00 06 34 00 00 00 00 00 00 07 57 2e 02 00 00 00 00 01 00 00 00 00 00 00 00 79 82 5a 00 00 00 00 00 96 03 00 00 00 00 00 00 da bf 14 00 00 00 00 00 3b 09 00 00 00 00 00 00 00 00 00 08 00 00 00 00 07 00 00 00 00 00 00 00 0f ae 5c 04 00 00 00 00 04 00 00 00 00 00 00 00 7e a2 6b 00 00 00 00 00 e8 00 00 00 00 00 00 00 3f d1 35 00 00 00 00 00 1a 2c 00 00 00 00 00 00 fc 44 d7 00 00 00 00 00 04 00 00 00 00 00 00 00 99 27 a8 05 00 00 00 00 03 00 00 00 00 00 00 00 fe 06 13 00 00 00 00 00 cc 04 00 00 00 00 00 00 e0 ca 45 00 00 00 00 00 cd 13 00 00 00 00 00 00 82 bf c1 04 00 00 00 00 07 00 00 00 00 00 00 00 c6 c0 ea 00 00 00 00 00 01 00 00 00 00 00 00 00 37 06 56 07 00 00 00 00 06 00 00 00 00 00 00 00 e0 6f 30 01 00 00 00 00 01 00 00 00 00 00 00 00 f8 1b 4c 00 00 00 00 00 b7 0b 00 00 00 00 00 00 6b ff 52 00 00 00 00 00 d9 06 00 00 00 00 00 00 3c 41 2d 00 00 00 00 00 f8 35 00 00 00 00 00 00 05 7f 83 09 00 00 00 00 04 00 00 00 00 00 00 00 b5 f6 2f 05 00 00 00 00 03 00 00 00 00 00 00 00 50 39 2b 06 00 00 00 00 04 00 00 00 00 00 00 00 31 b0 3a 00 00 00 00 00 68 25 00 00 00 00 00 00 00 00 20 00 00 00 00 00 ee 26 00 00 00 00 00 00 f9 89 ae 01 00 00 00 00 02 00 00 00 00 00 00 00 fc 0d 26 00 00 00 00 00 fb 2e 00 00 00 00 00 00 f3 13 5d 03 00 00 00 00 02 00 00 00 00 00 00 00 e6 09 6a 01 00 00 00 00 01 00 00 00 00 00 00 00 00 00 10 00 00 00 00 00 e1 00 00 00 00 00 00 00 c1 95 8b 00 00 00 00 00 23 00 00 00 00 00 00 00 00 00 40 00 00 00 00 00 80 1c 00 00 00 00 00 00 b8 72 11 00 00 00 00 00 9c 01 00 00 00 00 00 00 00 00 00 01 00 00 00 00 01 00 00 00 00 00 00 00 70 e5 22 00 00 00 00 00 c7 29 00 00 00 00 00 00 18 58 1d 00 00 00 00 00 f0 26 00 00 00 00 00 00 9e a0 16 00 00 00 00 00 28 12 00 00 00 00 00 00 a8 9c 15 03 00 00 00 00 01 00 00 00 00 00 00 00 e6 27 ba 06 00 00 00 00 06 00 00 00 00 00 00 00 f0 37 98 00 00 00 00 00 1b 00 00 00 00 00 00 00 1e 5c b9 08 00 00 00 00 0a 00 00 00 00 00 00 00 5a fb 97 02 00 00 00 00 01 00 00 00 00 00 00 00 ca 59 31 00 00 00 00 00 ca 32 00 00 00 00 00 00 95 b3 62 00 00 00 00 00 da 01 00 00 00 00 00 00 00 00 80 00 00 00 00 00 55 00 00 00 00 00 00 00 d6 fe a5 00 00 00 00 00 12 00 00 00 00 00 00 00 cc 13 d4 02 00 00 00 00 02 00 00 00 00 00 00 00 1b 03 ab 03 00 00 00 00 03 00 00 00 00 00 00 00 c1 df 60 02 00 00 00 00 02 00 00 00 00 00 00 00 e5 ac 18 00 00 00 00 00 6a 1c 00 00 00 00 00 00 f3 04 b5 00 00 00 00 00 0a 00 00 00 00 00 00 00 9f e8 1a 00 00 00 00 00 4c 24 00 00 00 00 00 00 00 00 00 02 00 00 00 00 03 00 00 00 00 00 00 00 2a 67 c5 00 00 00 00 00 06 00 00 00 00 00 00 00 00 00 00 04 00 00 00 00 01 00 00 00 00 00 00 00 54 ce 8a 01 00 00 00 00 02 00 00 00 00 00 00 00 0c ac 0e 00 00 00 00 00 f5 02 00 00 00 00 00 00 17 46 02 00 00 00 00 00 c6 e1 70 93 68 00 00 00 | last8 as f64 = 1.0905077326652577 | as u64 = 4607590029391122811
  trailing u32 pair (first 8 bytes): [0][1617100800]
  non-zero buckets (lower_bound_ns -> count):
  TOTAL COUNT = 0
============================================================================================
metrics#gfx.skipped_composites
  key_offset=71375 subtag=0x1 body_len=7
  COUNTER: u32 value = 3506438144
============================================================================================
metrics#a11y.tree_update_timing
  key_offset=10497 subtag=0xb body_len=627
  nentries=0 consumed=5 trailing=622 bytes
  TIMING: bucket lower bounds == 2^floor(i/8) NANOSECONDS : CONFIRMED
  trailing: 00 00 00 00 00 00 fe 06 13 00 00 00 00 00 8b 01 00 00 00 00 00 00 79 82 5a 00 00 00 00 00 05 00 00 00 00 00 00 00 fc 0d 26 00 00 00 00 00 17 00 00 00 00 00 00 00 da bf 14 00 00 00 00 00 6f 01 00 00 00 00 00 00 54 ce 8a 01 00 00 00 00 02 00 00 00 00 00 00 00 f8 1b 4c 00 00 00 00 00 05 00 00 00 00 00 00 00 83 2b 17 01 00 00 00 00 01 00 00 00 00 00 00 00 7e a2 6b 00 00 00 00 00 05 00 00 00 00 00 00 00 e5 ac 18 00 00 00 00 00 dc 00 00 00 00 00 00 00 c1 95 8b 00 00 00 00 00 01 00 00 00 00 00 00 00 6b ff 52 00 00 00 00 00 04 00 00 00 00 00 00 00 95 b3 62 00 00 00 00 00 02 00 00 00 00 00 00 00 b8 72 11 00 00 00 00 00 bc 01 00 00 00 00 00 00 37 06 56 07 00 00 00 00 01 00 00 00 00 00 00 00 00 00 20 00 00 00 00 00 30 00 00 00 00 00 00 00 3c 41 2d 00 00 00 00 00 09 00 00 00 00 00 00 00 f9 89 ae 01 00 00 00 00 04 00 00 00 00 00 00 00 00 00 80 00 00 00 00 00 01 00 00 00 00 00 00 00 3f d1 35 00 00 00 00 00 08 00 00 00 00 00 00 00 2a 67 c5 00 00 00 00 00 02 00 00 00 00 00 00 00 31 b0 3a 00 00 00 00 00 04 00 00 00 00 00 00 00 33 4f 50 0b 00 00 00 00 01 00 00 00 00 00 00 00 18 58 1d 00 00 00 00 00 47 00 00 00 00 00 00 00 70 e5 22 00 00 00 00 00 1a 00 00 00 00 00 00 00 c6 c0 ea 00 00 00 00 00 03 00 00 00 00 00 00 00 0c ac 0e 00 00 00 00 00 1f 30 02 00 00 00 00 00 00 00 00 01 00 00 00 00 02 00 00 00 00 00 00 00 b5 7f 29 00 00 00 00 00 0f 00 00 00 00 00 00 00 9e a0 16 00 00 00 00 00 32 01 00 00 00 00 00 00 e0 6f 30 01 00 00 00 00 04 00 00 00 00 00 00 00 e0 ca 45 00 00 00 00 00 02 00 00 00 00 00 00 00 00 00 40 00 00 00 00 00 05 00 00 00 00 00 00 00 9f e8 1a 00 00 00 00 00 7a 00 00 00 00 00 00 00 ca 59 31 00 00 00 00 00 05 00 00 00 00 00 00 00 1e 5c b9 08 00 00 00 00 01 00 00 00 00 00 00 00 ad fd 4b 01 00 00 00 00 03 00 00 00 00 00 00 00 00 00 10 00 00 00 00 00 f9 01 00 00 00 00 00 00 5d 3a 02 00 00 00 00 00 b9 47 5a 81 22 00 00 00 | last8 as f64 = 1.0905077326652577 | as u64 = 4607590029391122811
  trailing u32 pair (first 8 bytes): [0][117309440]
  non-zero buckets (lower_bound_ns -> count):
  TOTAL COUNT = 0
