=== 10s IRQ sample (window A) 2026-09-22T10:37:25+08:00 ===
  47:          0          0          0          0          0          0          0          0          0          0          0          0          0          0          0          0          0          0          0          0          0          0       5378          0          0          0          0          0          0          0          0          0 IR-PCI-MSIX-0000:0d:00.0    0-edge      xhci_hcd
  73:          0          0          0          0          0          0          0          0          0          0          0          0          0          0          0          0          0          0          0          0          0          0          0          0          0    5292373          0          0          0          0          0          0 IR-PCI-MSIX-0000:73:00.4    0-edge      xhci_hcd
  81:          0          0          0          0          0          0          0          0          0          0          0          0          0          0          0          0          0          0          0          0          0          0          0          0          0          0     332674          0          0          0          0          0 IR-PCI-MSIX-0000:74:00.0    0-edge      xhci_hcd
 134:          0          0          0          0          0    1132192          0          0          0          0          0          0          0          0          0          0          0          0          0          0          0          0          0          0          0          0          0          0          0          0          0          0 IR-PCI-MSIX-0000:73:00.0    0-edge      amdgpu
=== 10s IRQ sample (window B) 2026-09-22T10:37:35+08:00 ===
  47:          0          0          0          0          0          0          0          0          0          0          0          0          0          0          0          0          0          0          0          0          0          0       5378          0          0          0          0          0          0          0          0          0 IR-PCI-MSIX-0000:0d:00.0    0-edge      xhci_hcd
  73:          0          0          0          0          0          0          0          0          0          0          0          0          0          0          0          0          0          0          0          0          0          0          0          0          0    5317104          0          0          0          0          0          0 IR-PCI-MSIX-0000:73:00.4    0-edge      xhci_hcd
  81:          0          0          0          0          0          0          0          0          0          0          0          0          0          0          0          0          0          0          0          0          0          0          0          0          0          0     334869          0          0          0          0          0 IR-PCI-MSIX-0000:74:00.0    0-edge      xhci_hcd
 134:          0          0          0          0          0    1138739          0          0          0          0          0          0          0          0          0          0          0          0          0          0          0          0          0          0          0          0          0          0          0          0          0          0 IR-PCI-MSIX-0000:73:00.0    0-edge      amdgpu
