=== T0 2026-09-22T10:32:52+08:00 xhci/amdgpu interrupt totals ===
  47:          0          0          0          0          0          0          0          0          0          0          0          0          0          0          0          0          0          0          0          0          0          0       4850          0          0          0          0          0          0          0          0          0 IR-PCI-MSIX-0000:0d:00.0    0-edge      xhci_hcd
  55:          0          0          0          0          0          0          0          0          0          0          0          0          0          0          0          0          0          0          0          0          0          0          0          0          0          0          0          0          0          0          0          0 IR-PCI-MSIX-0000:71:00.0    0-edge      xhci_hcd
  64:          0          0          0          0          0          0          0          0          0          0          0          0          0          0          0          0          0          0          0          0          0          0          0          0          0          0          0          0          0          0          0          0 IR-PCI-MSIX-0000:73:00.3    0-edge      xhci_hcd
  73:          0          0          0          0          0          0          0          0          0          0          0          0          0          0          0          0          0          0          0          0          0          0          0          0          0    4625217          0          0          0          0          0          0 IR-PCI-MSIX-0000:73:00.4    0-edge      xhci_hcd
  81:          0          0          0          0          0          0          0          0          0          0          0          0          0          0          0          0          0          0          0          0          0          0          0          0          0          0     276824          0          0          0          0          0 IR-PCI-MSIX-0000:74:00.0    0-edge      xhci_hcd
 129:          0          6          0          0          0          0          0          0          0          0          0          0          0          0          0          0          0          0          0          0          0          0          0          0          0          0          0          0          0          0          0          0 IR-PCI-MSI-0000:01:00.0    0-edge      nvidia
 134:          0          0          0          0          0     947574          0          0          0          0          0          0          0          0          0          0          0          0          0          0          0          0          0          0          0          0          0          0          0          0          0          0 IR-PCI-MSIX-0000:73:00.0    0-edge      amdgpu
=== T1 2026-09-22T10:32:54+08:00 (after ~2s) ===
  47:          0          0          0          0          0          0          0          0          0          0          0          0          0          0          0          0          0          0          0          0          0          0       4850          0          0          0          0          0          0          0          0          0 IR-PCI-MSIX-0000:0d:00.0    0-edge      xhci_hcd
  55:          0          0          0          0          0          0          0          0          0          0          0          0          0          0          0          0          0          0          0          0          0          0          0          0          0          0          0          0          0          0          0          0 IR-PCI-MSIX-0000:71:00.0    0-edge      xhci_hcd
  64:          0          0          0          0          0          0          0          0          0          0          0          0          0          0          0          0          0          0          0          0          0          0          0          0          0          0          0          0          0          0          0          0 IR-PCI-MSIX-0000:73:00.3    0-edge      xhci_hcd
  73:          0          0          0          0          0          0          0          0          0          0          0          0          0          0          0          0          0          0          0          0          0          0          0          0          0    4631713          0          0          0          0          0          0 IR-PCI-MSIX-0000:73:00.4    0-edge      xhci_hcd
  81:          0          0          0          0          0          0          0          0          0          0          0          0          0          0          0          0          0          0          0          0          0          0          0          0          0          0     277691          0          0          0          0          0 IR-PCI-MSIX-0000:74:00.0    0-edge      xhci_hcd
 129:          0          6          0          0          0          0          0          0          0          0          0          0          0          0          0          0          0          0          0          0          0          0          0          0          0          0          0          0          0          0          0          0 IR-PCI-MSI-0000:01:00.0    0-edge      nvidia
 134:          0          0          0          0          0     949028          0          0          0          0          0          0          0          0          0          0          0          0          0          0          0          0          0          0          0          0          0          0          0          0          0          0 IR-PCI-MSIX-0000:73:00.0    0-edge      amdgpu
